"original_index","V2","V3","V4","V5","V6","V7","V8","V9","V10","V11","V12","V13","V14","V15","V16","V17","V18","V19","V20"
5,0.544941985720823,-0.316386417797545,-0.669024768708153,0.746200590938897,-0.359609287227406,0.0591117633095957,-1.50590785120419,0.270798930290377,0.701941603999699,0.149615282208038,-1.18479460821549,-0.687375851869421,-0.557039487926601,-1.46960046216506,-1.12578750126598,0.0475426606596041,-0.70310307884651,0.261382570136953,-1.22012589450659
9,1.14952916655207,1.00531318879282,0.581382329596653,1.05877781131324,0.996343944739499,0.59968690542831,0.132399718181845,0.895994068825067,0.868613690072504,1.6506326848044,0.573467421454677,0.451955061654118,0.811720102343744,0.876722798852796,0.519520753836165,0.848200859459151,0.422174190250066,1.01826042717836,0.725013613943457
10,-0.690997393917892,-1.4174112599936,-0.585510800689868,-0.403587919849788,-1.29244504371727,-0.56955700572124,-0.160212213486037,-1.14264308896675,-0.801637362793098,-2.22692513771681,-0.989478368668457,-0.729252095597644,-1.90699686325426,-1.40206016862703,-0.540837155295844,-1.07791017231089,-1.69584436527506,-0.308963583915781,-1.1198148154152
15,0.334864121827897,-0.474082420565818,-0.0472605959446836,0.29438065490743,0.242445191422415,0.464529294132901,-0.138336516149195,0.663807953484226,0.368047538435281,0.11383432036322,-0.260095751820088,-0.109024618428391,0.561136161116652,0.301033413844143,-0.598866810596545,0.333620920826355,-1.72431108717295,0.590667207400419,-1.01614953929481
17,1.35630025009819,0.17703760078587,0.103178736272581,0.174059965489232,0.53871392469976,0.670778720568211,-0.239547698442579,1.3963279098596,0.850921430938989,0.794334643752193,-0.284760962046471,-0.208606263237453,0.994455386653483,-0.342171611620767,-0.149218122708689,0.388361487832423,0.36354140635756,0.921267058283876,0.0693931601341997
18,-2.25085752479721,-0.413567904549484,-1.0337307005293,-1.15490626837021,-0.814372619791025,-0.222083073516231,-1.36090631234825,-1.42161383149201,-0.647125703272886,-1.08367680565282,-1.60130512384768,-0.998067100618515,-0.672051330266645,-1.01030539095059,-1.46194423267403,-0.472101454892558,-0.596567313847804,-2.44756133078663,-2.67576696634879
19,0.100666194517677,-0.731325786947926,-0.848890229416876,0.203305533529203,-0.302060127606155,0.115551980893586,-0.529834823154755,0.14313565012156,0.171102743358076,0.0664422644393061,-0.571288426953961,-0.839223049591215,0.0524514900641383,-0.0840121395192826,-0.99720413434941,0.0853231324681413,-1.10537965312101,-0.0234619701223488,-1.342552138242
20,0.101475039134893,-0.380362995594949,-0.166862195179734,-0.0533751241741695,-0.60912314069971,-0.228885531613264,0.169207206299785,0.192096667047466,-0.115822276755952,-0.972876800627561,-0.34377442609559,-0.383526899558464,-0.224843037712406,-0.0941889144984049,-0.310684706015156,0.0478804651072537,-0.0628852373940846,-0.0805766019419999,0.0754589710543951
21,-1.42581062316741,-0.600992156527101,0.791664145635643,-0.819442682645281,0.0601995029175619,0.229210664427359,-0.638263600550848,-0.615064786718556,-1.12825273320801,-1.07506537783206,0.0248528883057164,0.602341395080099,-0.729185290751518,0.466514096449928,0.472677200642038,0.0194381243130214,-1.09895686443226,-1.29696394334453,-0.420168863653347
22,-0.634780187697585,-1.6686738251414,-1.36809155614887,-1.23362235014614,-1.06548657598755,-0.301761890177777,-2.94001424780555,-1.58834503302212,-1.00398585696633,-1.76209432762561,-2.56544996744307,-1.34303865268936,-1.73905880301876,-2.39489176488096,-1.8736671994466,-0.343692833304555,-1.24154936264355,-1.27084029181451,-1.87660509054507
24,0.150624562519433,0.0598634487387305,-1.08969550472193,0.139872896352833,-0.551312021937128,0.358109935049704,-1.39221860085428,0.0306032957527769,-0.036021113435872,-0.144496234183908,-1.02974432007942,-0.860161005735752,-0.374235989664185,-0.898538094583697,-0.856752220513828,-0.0588343260210446,0.345409544465542,0.320216298195945,-2.09815146456814
30,1.46767016835899,0.200872003247744,-0.0661206322371777,0.238817849672862,-0.00465272537277264,-0.645254390863306,0.765439814612918,-0.168184064422154,0.115333756985242,-1.59891578568632,0.328978313071947,-0.252989853859366,-0.526049420017678,-0.567392768491645,-0.145338847111372,0.171058032948938,0.661176661261003,1.09260462062361,1.14983768942723
31,0.660469276745811,0.224854391206256,-0.51682610431755,-0.340330634929805,-0.274783979001405,-0.43925374810558,-0.571404377183678,-0.746707274460551,-0.300313178754147,-0.0362788088542664,-0.40348500784021,-1.07666379794803,0.195875084574216,-0.410772717436644,-0.872418348162624,-0.318817328497595,0.0890631020921653,0.943390569370857,-0.9373052884431
32,-1.0190964657233,0.709407695662564,0.406644505246563,0.426507151167999,0.745596677797557,0.0654547644006959,0.505784421927748,1.04978699982834,0.348991698221404,1.77456246865368,0.831182319646045,0.375920877385108,2.07876199755211,0.21426639926915,0.103909567959377,0.146546321022919,0.691811745911628,-0.642475960408376,-0.520116945310276
36,-0.436526133741137,-0.206039953097373,-0.248771159421835,-0.625596092380557,-0.54669177321375,-0.88222293388889,-0.313510140954716,-1.44757980993975,-0.530656323623752,-1.44353481792625,-0.655311049709949,-0.468185391891915,-1.31763224494044,-0.321044365777203,-0.299447546686212,-0.344938833626332,0.084915515682705,-0.480079812375915,-0.34794892872049
38,1.23689039230504,-0.262654871975395,0.728114087116063,0.585213296082648,0.513757457617815,0.112575916759876,0.72563363021057,0.486140866177773,0.420666281009399,0.608934533789914,0.991602637068245,0.827401108593001,-0.216743785642647,1.06341479749077,0.670398719455518,0.000936433494132676,-0.466607332955132,1.11511303675764,1.15847171636513
39,-0.739290512259159,0.308224708409726,-0.615939775452639,-0.233921669819312,0.427662830867715,0.042007910760087,0.116775292898547,-0.371154245331972,-0.270385579101495,-0.48012271660871,0.160104913647688,-0.347836950606035,-0.651553849762255,-0.35755116194045,-0.110433732574174,0.267864966331101,0.342173295206034,-1.21227096377337,0.326653765244759
40,-0.28563088734379,-0.217650865277866,-1.33167628360835,0.993887574782244,0.208432543677375,-0.258108298654201,-1.53262076418451,0.593330181396637,1.14367113457616,0.650441772625503,-1.25927068454638,-0.537263944192643,0.26048659474536,-1.32654587822597,-1.132585347368,0.00373666273014371,-0.0586327863521504,0.0614686890368589,-1.06403480512348
41,-0.71680260361433,-0.999743887732999,-0.411384305079658,-1.06117845325276,-0.739369115611065,-0.889649332481985,-1.27213381580884,-0.857147646383028,-1.29252779107747,0.737134945905121,-0.897777693484487,-0.450045488793485,-0.67315397271396,-1.12137912421577,-0.393063111472391,-0.512958954458783,-0.985265531937403,-0.552771491658948,-0.208995903227776
42,-0.618159920757999,0.335927802742447,-0.26613672380013,0.4430002035388,0.701848940760832,-0.173046975648218,-0.864853212752576,-0.174834274848078,0.35926955981512,-0.156888070362243,-0.164168985021288,-0.407921844489419,0.68488461895127,-0.430046361483912,-0.765147847140818,0.148775783933739,0.310799922092817,-0.557711696365898,-0.498312054721705
46,-1.18916632531961,0.111343245964077,-0.82326376290663,0.0556837405387242,-0.775412353406171,-1.13681774976685,-0.868752682929552,0.349034840215774,-0.0752000250355722,-0.108011065800517,-1.40165483685319,-0.943058941533251,-0.375936574625636,-0.819284717811355,-2.11811422581658,-0.288757885009675,-0.0143102695828028,-0.611040801811516,-1.26969510898762
53,0.776620202181248,0.304618655248695,0.203722039702282,-0.0538520099884413,0.916709686330028,0.201276148962087,-0.0531334349161189,-0.460134539229573,0.272257873618952,0.161494483934258,0.368808258673484,0.658875317960928,0.0664946587674303,0.0618254038260497,0.545082192822051,0.0808881286857802,0.277438451704306,0.33883925658405,-0.222459924527524
56,-0.631713337843678,-1.0323666370743,-0.977491523175212,-0.957229260284179,-0.15215209400113,-0.0237541420888695,-2.16638823399363,-1.55824475640428,-0.888964917901019,-0.662718261811586,-1.55784420771425,-0.667431441788292,-0.853188079860828,-1.53833520090203,-0.891298209679956,0.0271422585281574,-1.49020787959067,-1.32962660194196,-1.28811057163368
57,-0.014314858658739,-1.83735631033199,-2.08299885646194,-0.828565835676625,-1.69093269173646,-0.793804030492375,-2.6408681634898,-1.73301166391037,-0.872707437722874,-1.7619309791501,-2.3371000903425,-2.03786939621795,-2.4108402016169,-2.75335626835622,-2.31580267423154,-0.953270587387922,-2.05635457438106,-0.246968607786032,-2.66412989179726
64,-0.511654509144126,-0.884666332187117,-0.760678933937965,-0.440449228350881,-0.0312048806154978,0.535723627949534,-0.97209688224462,-0.524082961664441,-0.392506828063645,-0.515378079159717,-0.440530764939963,-0.295387240021084,-0.490254199755585,-0.454861631418193,-0.167306459628765,0.432312599179374,-1.39961357130348,-0.950545925175329,-1.08655978941233
66,-0.497464202779676,-0.980057817128,-0.837016979224029,-0.172969524025877,-0.781174988659233,-1.0548417614183,-0.862984407833765,-0.203182893199323,-0.717330580729334,-1.09948065726822,-1.16504807864801,-0.948687060939103,-0.423769341298101,-0.998685303387139,-1.25197026248184,-0.592370663163415,-1.2538777652968,-0.293986771621202,-1.15077175254269
69,1.9927462721016,2.18667798411255,0.834333636614348,1.95718628944764,1.06945529743675,0.770596769352307,0.933091512066543,2.19030184127045,2.18249546181718,2.25137539611275,0.609530380400895,0.994189145715375,2.12254861985335,1.16337889951423,0.797014418470829,0.7012340995197,2.00378950831279,2.00096851433069,1.81530070662293
71,0.0743235636035852,-0.575212564335568,-0.236495051408501,0.351906816911602,0.424521568758987,0.147527723769363,0.615904839402804,0.148710912855523,0.450562787516448,0.19435857438562,0.366491631128965,0.0424718596323238,-0.141536150372592,0.140351622523217,0.549114305755911,0.371753743792746,-0.971985480005149,0.511886939184488,0.838256742952919
76,-0.572167516482707,-0.69487470662822,-1.89070506900811,1.19987087461715,-0.173583822954863,0.0660269549356907,-1.35071915063395,0.536273936422457,0.251840525053125,-0.983583017594969,-1.12700081030814,-1.32634277016408,-0.097461677117668,-1.26409020432037,-0.964607742549751,0.133440391012244,-0.658492942680919,-0.697353577305293,-1.97241052018907
77,-1.90215601100035,-1.33111176047819,-0.551353958414893,-1.70088918658188,-0.469324930302077,-0.253275456667623,-1.10352479340298,-1.2582492716649,-1.73373982182043,-1.28807505041052,-1.05929921209315,-0.487844543823528,-1.19814354076823,-0.989598420641873,-1.10142964321403,-0.270464219283641,-1.30872882524286,-1.90410652914877,-0.57295695765024
82,-1.57237877539657,-0.581792161628521,-0.974344750612701,-0.718775054823911,-0.461643739011217,-0.33751093082542,-0.353656880390974,-1.42184912158884,-0.417404181838006,-1.19009473654561,-0.475380692902567,-0.265744116739066,-0.44395831130809,-0.881195780686299,-0.380821373952344,-0.436839651521478,-0.967451012509081,-0.705505876520938,-0.856134606975294
84,-0.72176046136504,0.209209758021751,-0.0861999308971709,0.119170399584518,-0.190891876630102,0.0651885336787788,0.0762371878587068,0.400795654357417,0.775820728538824,-0.324643761983253,0.0570181033720812,-0.454127094517753,-0.598680481079359,-0.282302281265524,-0.177390424916916,-0.00531438003630234,-0.132399471058269,-0.512923758639608,-0.0374780532737318
86,-0.913189210139502,-0.161522133802475,-0.212166804403829,-0.798199111160285,0.437499837489537,0.371301088519906,-0.489168501712036,-0.37950137484801,-0.391000749745001,-0.587667191845361,-0.109424437947129,-0.285858842365821,-0.172078685491273,0.0701586040270426,-0.057675045810219,0.315144592730283,-0.0794283245962431,-0.714807657360525,-0.82638263113922
90,-0.0584650913943986,0.482637293283162,-1.19733294133996,0.304223269268794,-0.799423589655164,-0.587047582720516,-0.912561675813357,0.542705131294844,0.27703243290665,-0.370140915276131,-1.09160721174259,-0.793886996355817,0.400206333954148,-1.10647989281353,-1.09812209111872,0.0227571148669983,0.125358048373024,-0.213667605407654,-1.44355581620289
91,0.678804181094153,0.187652309197245,-0.155542482572842,0.159232276970099,-0.103858055854879,-0.111616189845251,-0.445219512026109,0.507539998792726,0.366768455593764,1.05110023018013,-0.111128978235296,-0.320609094051376,0.264218649954414,0.134264682049964,-0.272469259344844,0.0710065937467321,-0.200528128574463,0.560151867822258,-0.590773689842387
93,0.139428980888218,-0.419473473369556,-1.10389466335603,0.0339845906953349,-0.397308382787411,0.0941848770961218,-1.90393444199766,-0.133455112763084,0.292330029327028,0.172061472084083,-1.75040258388364,-0.824939368887847,-0.487165233988856,-1.69627986292302,-1.65451201800783,-0.131657105162169,-0.561274616216025,0.53280934062145,-2.54339894803279
94,0.990919478674797,-0.0722486159025384,-0.325972735539475,0.358159113851917,-0.484111930806039,0.509375894080712,0.146106479630614,0.155213780200962,0.587931894707193,-0.946487791734826,0.181926370367792,-0.300780266234655,0.262510237746743,-0.472619095520428,-0.214325586140924,0.0375917736038442,-0.457122110605845,0.760279426774024,0.115760385538464
95,-0.730021223330491,-0.540135508139879,-1.15024165628058,0.142114261850701,-0.343676581161902,-0.831329970114997,-0.304861274144899,-0.300178652800315,-0.0363644059688314,-1.48979593563156,0.427759578854155,-0.925108152453642,-0.832802126599343,0.371309409436845,-0.834037971054407,-0.617035851509895,-0.308116748041668,-0.464632556624324,-0.686342226988026
103,0.817105188553032,-0.659000726285118,-0.298009868778717,0.424657459439534,-0.30724424724036,0.759741538251704,-0.776642653384469,0.517715579317623,0.58911956068081,-0.277501858158197,-0.702955550125698,-0.486818707736283,-0.93209412860896,-0.500503079897041,-0.301802295105364,0.29236884264426,-0.413903569221155,0.0748991687594112,-0.61303191552613
108,-0.662227951544595,-0.442703226906408,0.071120316154944,-0.388385882199251,0.387289282342005,0.137191344887056,-1.18012840639778,-0.95370617209064,-0.551724827644916,0.830038976903035,-0.354655804413828,0.62171916808873,-0.281181149549553,-1.27691350330422,0.12461691836834,0.405401017341988,-1.050189198695,-0.249814984242551,-1.19384721749658
109,0.844121686375048,-0.0920778437794599,-0.352635689836517,-0.176060391777549,-0.1065225700145,0.0390938819840769,-0.380807700128003,0.294199505000177,-0.0192922836707332,-0.104297608480677,-0.274596445874276,-0.404932172413272,0.285606424615125,-0.933814697924422,-0.13499500100889,0.263361998809777,-0.287210677577641,0.123651137968075,-0.746088497296247
111,-0.726675548553447,-0.969833589715961,-0.50641165176887,-1.28258685030215,-0.81043730925843,-0.432293927108991,0.164473978631452,-0.965224548396399,-0.812431706754695,-2.55443624771042,-0.602936411701237,-0.99016083229299,-1.17289436120552,-0.14034450165621,-0.781569188300214,-0.718117341112134,-1.45895721546346,-0.932173087406102,-0.275320506689908
114,-1.20963821141786,0.507701364020703,-0.679108228227354,-0.100698947943378,-0.235377877083137,-0.181415276916205,-1.17375347423333,-0.321647092570339,-0.0447996965727548,0.435267376418001,-0.046686681291195,-0.0881682978346806,0.270688349318019,0.216181266213163,-0.381983098310443,-0.105998571996329,0.237292217829389,-0.223913661919345,0.0460303048182235
115,0.159051106146569,-0.344534257714688,-0.322940247286565,-0.575234984912166,-0.164219963968449,-0.260475816551679,-0.140695257801127,-0.960300924050165,-0.828475694614315,-0.0322874131416596,-0.264821841454845,0.0986378933884125,-0.226979234164389,-0.135816128578896,-0.189898695437543,-0.279909692262586,0.0755385494083958,-0.209554610882477,-0.340529309901044
119,-0.0570396316833826,-0.813061884119868,-1.10782167983011,-0.544144477215714,-0.373422995924714,0.707594720495848,-1.21400621279532,-0.302991369592926,-0.227812415581962,-1.57896394612346,-1.05998942725596,-1.00022379104185,-0.565961420541225,-0.796952649567442,-0.661817198771249,0.216318967752077,-1.08881948038803,-0.0371291832755255,-2.0095231089707
124,-0.29626527472662,-1.31261614912571,0.835110357067482,-0.31158353562212,0.60527751953739,0.208006250217678,0.401049828093665,-0.214387997814515,-0.466049365973374,1.00891902850915,0.345307729846697,0.633779658264488,-0.189542520439166,0.0926783462447251,0.45780209766679,-0.174468743234073,-0.331796035176549,-0.0699621414865616,0.902459320345399
127,-1.96756236277278,-1.33773591785747,-0.738520101487068,-1.55177189576442,-0.477107082353287,-0.782918760893122,-0.782956712771613,-1.28418363633495,-1.24569569467746,0.0412353393061148,-0.923956167870145,-0.984500568986771,-1.50852220846348,-1.01740824757482,-1.19216430711486,-0.739081872077449,-0.737609453718195,-2.12711220286727,-0.349507001371343
137,-2.20388132096732,-1.09928226764445,-0.952141639696402,-1.25548189758281,-0.643458961577734,-0.216776742462846,-0.661973846994392,-0.695038322934572,-1.05012002494252,-0.922247302078974,-0.572508459071347,-0.385039542439196,-0.667200795319977,-0.877293310330726,-0.30540786872236,-0.111664317178191,-1.77959029592973,-2.21520004622812,-0.584194614121616
139,-1.63777737103005,-0.803144736528229,0.718917394063425,-0.673961960866581,0.175058552493545,-0.332991636629113,0.275401714215655,-0.615338030221708,-0.282043847874953,0.50884173296901,0.282898545783279,0.327975751805121,-0.762926546753203,0.94622648410825,0.00378963713271793,0.00377522183435224,-0.548194184669652,-0.777204310467071,0.828892961822698
150,-0.0203060683739596,-1.43733916056178,-1.02621933527786,-1.00513203628641,-0.79719614139032,0.0396653178618984,-0.966635971019117,-1.03361253146347,-0.734851483042943,-1.09282135070872,-1.57082404193828,-0.666737759914937,-1.40975996085883,-1.60923238860589,-1.10655752741427,-0.610154527342217,-1.42548843009499,-0.0380868256065805,-2.18625061065789
154,-1.00141014513464,-1.39505703588911,-0.649754623576006,-0.772726541141824,-1.11700274041852,-0.6117334949121,0.374952698353361,-0.938462257435777,-1.0902991121707,-2.43576736364951,0.138614288003316,-1.12386164037586,-1.37872232124877,-0.188621365152098,-0.321880539190253,-0.654472677846008,-1.23168966671016,-1.10897913906512,0.0109194171018698
158,-0.550714309432826,-0.368872390476561,-0.382570484272128,-0.545726255964776,-0.486416419506342,-0.61719612191532,-0.604181945564773,-0.561789076314099,-0.910810976447411,0.0727384993783116,-1.19468880338233,-0.809086394917069,0.182920784404897,-1.35775199673568,-1.42033972243646,-0.54749791893009,-0.687260258273007,-1.29186245572092,-0.901218781712248
161,0.142141832909461,0.170116241439264,0.209558841651929,-0.151934794578557,0.145065685067806,-0.629459794768972,0.235664166469013,0.0230591025657672,0.114127787088987,0.403923956542377,-0.0927498929898486,0.226060418340965,-0.175076920851896,1.31530094239284,0.0775140229785994,0.237373735454391,0.55234541500588,0.0751370911719297,0.524691532645801
165,-0.544905506066979,-0.972813378880238,-1.03261566030908,-1.05940788009278,-0.458487130686695,-1.11639788865158,-0.896212827924172,-1.33712008873798,-0.560022122392326,-2.42547468136741,-0.728696755107313,-0.968708481879865,-1.37141694614134,-1.28980570340302,-0.699742544428722,-0.610535152986052,-0.705647607525684,-0.575199000612207,0.140956695286851
166,-0.960611588326271,-0.378237403023448,0.806075969423088,-0.821527875488145,0.327146271954343,-0.266939664107502,0.370998208789463,-0.0983861464434133,-0.455621990955172,-0.415336811435948,0.0212092536124697,0.313344596354476,-0.165166823992015,0.346477497690892,0.397753276254276,-0.08833613943055,-1.38723308380289,-0.55530043666631,-0.989206193290881
167,-1.46944630202168,-1.05009263615068,0.340016189659215,-0.314118289289605,0.142573552815577,-0.383850307940324,0.566467526353935,-1.04350821016784,-0.469505198731623,-1.17378218113951,0.54143256407041,0.128901830410877,-0.794821319452846,0.298775568588582,0.466346206281717,-0.158418019510726,-0.53413968899503,-1.19202091575107,0.252141912546633
172,0.759571740087653,2.79960234859155,1.2315969560115,1.81197242696322,0.9525011550483,0.819517725720178,-0.472565776529868,2.16729856839556,1.58105441232286,1.74615753070274,-0.0758615724565956,1.45812719808119,2.40597269236017,0.4882583142056,0.256309479509866,0.743571558483791,2.28576586926436,0.894255931401956,0.0588409126854583
175,0.87957365078043,-0.0485381387630163,-0.430715828182667,-0.102332818329881,-0.308003722065521,-0.197373947785203,-0.570936545399298,-0.643609760117522,-0.392868722431839,-0.757674602962286,-0.363242977734992,-0.227068923545501,0.020890468197746,-0.0313216233001504,-0.467616918477671,0.0655215744082048,-0.738208207081738,0.475699424721369,0.0827753223021942
177,0.457714009830139,0.0488617846815112,0.985966244473707,0.325629587989114,0.531769768851669,-0.0598664809019702,2.2881232005841,0.00246451549434912,0.505013650660281,-0.932835594954529,1.47572494235892,0.599353310571184,-0.265999072718266,1.22835694347318,1.24724671144003,0.438698954361096,-0.376397729044047,0.355460726025988,1.68518418991533
179,-0.064812279263119,-1.00266183873056,-1.79164362795917,-0.565888071244226,-0.490265568959247,-0.807560466458984,-1.25424506898743,-1.36092516746628,-1.17801117702115,-0.259395159271612,-1.14743446727081,-1.02038731398183,-1.1815616461791,-1.31849609360236,-0.840794718397584,-0.520289011717127,-0.507134899334637,-8.90072348062116e-05,0.0402907286037122
180,-0.550784572428349,-0.472487183472826,-0.197893997666935,-0.298224707208701,-0.402780953268412,-0.752891969048115,-1.05365975894187,-0.08965240549092,0.364430019316488,-1.93752665164859,-0.964487609721944,-0.595306482797642,-0.2573944600264,-1.14083213479232,-1.0669247307349,0.00830381792656711,-1.24922756271355,-0.354542376152058,-0.16442776857788
185,-1.40634906631917,-0.118706589871712,-0.162847706516506,-0.662048274685132,0.184748770726506,0.164572705145406,-0.547116249424055,-0.0981475585175365,-0.388215087316643,-0.629022689104782,-0.388988310393753,0.190121028074179,0.354623402806448,-0.679344676421423,-0.30767330326805,0.254190991123965,0.752317944885819,-0.973521544256654,-0.933592808432867
187,0.671747820549247,-0.338346742371357,1.19405509780031,-0.556766678528673,0.540366116079586,0.327580404897452,0.804284136243734,0.165909493566859,-0.299738031074768,0.775492951116735,0.857442163334889,0.940029356576355,0.0751620707041224,0.191842828210371,1.47326421734276,0.492843485618228,-0.225213249891491,0.167341583049506,0.657850031581188
188,-0.733010429963522,0.502984086602377,-0.114672217513833,-0.308559378281954,0.442304058962546,-0.438705548740388,0.459679863112405,-0.213026415419397,-0.643171320160625,0.588255309959005,0.522021056969385,0.273024613587863,-0.1082628365501,-0.0444872579145799,1.1699513361172,-0.204431323846327,-0.519435056067881,-0.80307522853328,0.309238708106956
191,-0.622242137770408,-1.20706306655618,-0.329923684403909,-1.07508034845113,-0.205160594930485,-0.249617797527137,-0.194352677446527,-1.10435602388114,-0.821865381112966,-0.658042218944345,-0.47464920475257,-0.332707586004133,-0.761078930844837,-0.896301950896165,-0.828144211572469,-0.251545101592652,-0.884548588841867,-0.403179359680578,0.0390419802940177
199,-0.0459421287111059,-0.251420386515434,-0.437215625599191,-0.556421089927929,0.254843367907801,-0.676890488982994,-0.302882643516595,-1.13503348567443,-0.277543389526859,0.460480231260271,-0.807287816821943,-0.0747496931280402,-0.571080547150703,-0.885743828270711,-0.550336972874826,-0.455094058373235,-0.948339632355745,-0.132585561814448,-0.339084774309241
200,-0.435610650357202,0.247748493636178,-0.777407817806773,-0.468153334052416,-0.840156925771998,-0.562981671040482,-1.10714554265135,-0.258845647189431,-0.888807291056693,-0.930297499332263,-0.793909536858316,-0.868932510507857,-0.0766054717438531,0.170880020660308,-0.669845934021587,-0.470416205193484,-0.350495009400994,-0.223872764330307,-1.3702993804114
204,0.838652698518574,1.1082026327021,0.894253413694085,0.307045753041884,0.60783106588832,0.593396552122143,0.820825688337904,1.02867698900421,0.907439291555374,1.26370688221657,0.49555544521897,1.21762555550964,1.01856233048476,0.396112424069637,0.585228167256014,0.544191079294399,0.551372782952302,0.948634197150817,-0.879794799056516
207,-0.814041926326922,0.376596049954305,-0.950935575854272,-1.05261192471639,-0.000460386518800898,0.260779575252286,-0.731042208685954,-0.266661450554291,-0.499711626324841,0.314951752166045,-0.719617843920744,-0.281190970406731,0.0308349940766593,-1.38850882334804,-0.190623486728741,0.0589803195183222,0.607694718406395,-0.564467040870564,-0.667374363419606
208,-1.28525255326214,-0.737585287127071,0.227061811600393,-0.36239428492418,-0.210747535469675,-0.488358611426236,-0.215860451528677,-0.612848487562979,-0.434076429838165,-0.121873389322934,0.170089800363392,-0.0539226956762673,-1.25600967942218,0.715569614344028,0.635619522840526,-0.31757807800313,-2.18381994570157,-1.21353737576541,-0.175122229501727
209,0.217742046492389,-0.25650061505099,-0.957064377251815,-0.326410067261989,-0.320094037632433,0.159641014264221,-0.620125901370495,-0.27783394219475,-0.144222440399651,0.487800960898558,-1.34598929989847,-0.870820132462121,0.0145318524672332,-0.936690379695204,-1.3446077543331,0.0551976162405434,-0.129602163482326,0.551417738707692,-2.35257313849001
213,-0.397097586017462,-0.179091353904002,0.386598208442057,-0.791563788486796,-0.691031404485042,-0.573229690762051,-0.431747300349456,-0.453214304037886,-0.350611877665296,-2.29836785051901,-0.300946781895144,-0.046924252845959,-0.62733445184988,0.219779906103608,-0.208185664710638,0.0202351394415216,-0.599957128890051,-0.566717386310215,-0.345335032776193
218,0.0553564154745254,0.213813221676616,-0.168466518914259,0.100652590488526,-0.0782580508365077,-0.082369953924812,-1.33758440863289,0.161534670674816,-0.0763724273853886,0.841440181573393,-0.504996561375032,0.0203413679225075,0.0171678234147228,-0.436722706423684,-0.146745391460586,0.116570292956319,-0.825466109808206,-0.0742896035222417,-1.57427918650313
222,-0.519886523550855,-1.08252264838162,-0.0564586241580649,-0.800583567422905,-0.345034348307275,-0.364390428325564,-0.580625533532137,-0.944690115248805,-0.643008245949356,-0.256760804001238,-0.259316457080915,-0.0481837249857274,-0.689670569453618,-0.15814591093741,-0.170108150859266,-0.233207569864478,-0.80362748737263,-0.916947287766684,0.00326845977765521
223,-0.323853554991007,-1.26694796130145,0.300055081687162,-0.16309640281898,0.130136803851098,0.287691757253134,1.05567350319147,-0.694962228499991,-0.27632655945902,-0.493212482523157,0.0334644112115865,0.0402095222229144,-0.237318536463729,0.529203310635691,0.239876849052423,0.153498477677494,-0.996379537245682,0.117517730767661,0.621832579625727
230,0.158947923122932,0.021063629551265,-1.16092966138214,0.68163135191869,-0.32834429758607,0.157676830999372,-1.96798825020617,-0.145518875642512,0.122856949891693,0.538492938666368,-1.16730808250108,-0.849730225006022,0.789654523990918,-1.45306734202237,-1.02286861117622,0.121826115231901,0.293540251621502,0.0427846919098447,-1.42025359801877
236,-1.19098362513509,-0.0106098668258165,-0.695143849735301,-0.533078705929482,-0.508108270455156,-0.54836206154247,-0.707277115621922,-0.48793880637742,-0.202771048316656,-0.616909416351008,-1.00567418183508,-0.978762302367705,-0.634083136661489,-1.22868033464366,-0.975175187258676,-0.177906186600535,0.969329828812364,-0.653403267701163,-0.0983316002810526
237,-1.193456980383,0.691729035532904,0.472953752552833,-0.428003606186476,0.437829302894266,-0.256786446667012,0.27552089151483,0.302001463603554,-0.302726194536107,0.52534124444863,0.130816054009111,0.417505989224167,-0.189484075139032,0.10365989487419,-0.180368965007436,-0.333723256907026,0.556243492390667,-1.01510241105183,0.885001490618272
238,0.228379641690208,0.422989463786462,-0.122264226914833,0.408483560983696,-0.661648838628817,0.61704964709818,-0.574179236793007,0.950433642045293,0.181308920204808,-0.468747361069261,-0.512772815787051,0.0259773991161708,0.150769348142926,-0.305057274431596,-0.184940946299578,0.271938057952714,0.201231488227379,0.3375123901998,-1.04791707068385
241,0.263475881929696,-0.0232488348026711,-0.488162448845282,0.0403679170252846,0.0631650772226623,0.183057660513578,-1.02464159574685,-0.23551258705451,0.421426270800762,0.638219027973139,-0.953220275801142,-0.592109414574498,-0.306588834872984,-1.27198414701539,-1.10878526708843,0.470297560889193,-0.617632103511223,0.169953843015917,-0.114134723595061
245,-0.0945459949595911,-0.0842548689659395,-0.855270166029565,-0.26171029205563,-0.485940621813256,-0.384690284265773,-0.757392676731431,-0.42498528732602,-0.392417147127022,-1.70232782705516,-1.03566367674125,-0.568518590177591,-0.68929137488085,-0.949293929045205,-1.14065470147347,0.0155962655093088,-0.103548930757601,-0.510184335562332,-0.457481032353643
249,-0.716898056261558,-1.16979743826431,-0.942939342139039,-0.857499279922581,-0.798158069969719,-0.879886891515839,-2.11345818584214,-0.827807962856029,-0.748563496305629,0.341525685405967,-2.07298097007151,-1.0878303213754,-1.19635389363285,-1.6585205583266,-1.52920117929716,-0.43561870462011,-1.69570537141811,-0.258842227887341,-1.13751500979076
250,-1.13594899084099,-1.00686291723673,-1.09599086875094,-0.327586030516705,-0.18284286216604,0.334519933644456,-1.31897338992519,-0.644897054782653,-0.33703417223192,-0.517353403347358,-1.12737140186147,-0.683178101147676,-0.896133197677918,-1.60585780169866,-0.799739310176434,0.312769785352057,-1.66330065866048,-1.26830693823452,-2.59547600879755
252,-0.098354545825526,0.471666731323868,-0.910810075359296,0.0456429447006502,-0.18905258041992,-0.0764503740176734,-0.61241922735065,0.127947725600836,-0.113988872341171,0.392062428373165,-0.50799626159872,-0.657820327022805,0.863013896333905,-0.965293028078661,-0.882701937021287,-0.166694244728911,0.822327458886342,0.0398590899141806,-1.67393120518756
254,-0.291073210198927,-0.167560135098816,-0.219579491339697,-0.49953293575311,-0.474801132357532,-0.370341323616623,-0.451746476991228,-0.192134866288852,0.0521112680270559,-1.21343410619147,-0.105586046341383,-0.654093247922041,-0.70759365013903,0.0425959989193103,-0.230849034436093,-0.295043599455843,-0.401385095907983,-0.106040859781446,-0.895672886014878
258,0.617719967026556,1.18975130443685,0.263508031921474,-0.00836601764039504,-0.591711320307795,0.130684756167257,0.416650078701055,-0.205468380291481,0.145526368623868,0.323291399593421,0.521199086629056,0.215608817767795,-0.168097873639644,0.424148423661623,0.0597940403135937,-0.149036726285392,0.872965948527391,0.720182224623463,0.0819575146088894
259,-2.28607456374018,-0.852918993336688,0.14450668162844,-0.747714757184244,0.0483308128054083,0.423330666875842,1.41120409927715,-0.956071814956346,-0.490786473532197,-2.03542780604234,1.10598837817339,-0.0669662046008038,-1.49966448515112,0.669687915191857,0.649595371501823,0.165356525857321,-1.79397636789921,-1.54625721486232,0.70878103679966
260,-0.801559886613895,0.784689756312135,-0.20294774276923,-0.26377207605047,0.283828279918743,-0.179035062360909,0.420760287471521,-1.10566576456364,0.383724537955077,0.0224276076988074,0.406270715357172,-0.154586099899423,-0.22337754543278,0.0635119773620373,0.40906781450514,0.117801108647298,0.399971217783833,0.0617891096124623,0.035777306125292
261,0.841528879119494,1.15886558908887,-0.878402683904071,0.294942929073702,-0.561241295749532,-0.729252086344875,-1.59439354625646,0.257053208824068,0.724180456771087,-1.11695275827644,-1.0206212085206,-0.966574736627891,0.799948014843895,-0.96478254897718,-1.43798401833609,-0.158008829918102,1.28727836768177,0.502713099390798,-0.847597169897747
264,-1.22110160764228,-1.17864699007462,-0.526188535329897,-1.07664772100664,-0.00464822855428444,-0.821460192385117,0.31844803973476,-1.46629237803433,-1.34567253064153,-1.02311939332649,0.0942545870926366,0.124321337802113,-1.22148709854914,-0.374384034652688,0.112416705836956,-0.410923840095312,-1.34659790070139,-1.16281570083417,0.684030467465731
265,0.446804999204953,-0.274693859831346,-0.759779191908957,-0.988650283829511,-0.424628192996176,0.459777572065837,-1.80408966932186,-0.529318560913044,-0.293734879317414,0.602580880695749,-1.18255766022841,-1.18598158462721,0.204975783394498,-0.983461342528132,-1.19532527406471,0.13699529183924,0.271668891688599,0.258368568502575,-2.51931284761161
266,-0.555783185485445,-2.43908551983902,-0.552594931804041,-1.95912137419165,-0.709721084776933,-0.18150858969319,-1.48516169804565,-2.8692273007916,-1.67254143785818,-0.129765625636352,-1.09307041037431,-0.735020687043097,-2.17108158261474,-0.0237309385280958,-0.752339174010154,-0.143868464758117,-2.73330261327228,-0.71656521774556,-1.2874974888414
269,-1.91537204856669,-0.941827493615468,-0.132920135053827,-1.43754611096979,0.0268980949081746,-0.224343248281542,-0.00117615031764842,-1.41063915373041,-1.054388038525,-1.52097738911636,0.0226033290527745,-0.58522981391016,-1.40018464793056,0.147463913198643,0.0612670376085476,-0.293513003488729,-1.79909581992912,-1.76424924431449,-0.01396639851718
270,0.00504592975245572,-0.484168436181078,0.267545195760237,-0.375848361923321,-0.255173506079013,-0.0787398795125668,0.270518459530228,-0.839556011268836,-0.445330946163874,-0.460987791845211,0.398804885081971,-0.115595389166892,-1.36847476501364,1.22627348430855,-0.0014740643066383,-0.032171838538291,-1.31379105989233,-0.702311123492137,-0.741601356750139
277,-1.01115664393956,-0.699772710543546,-0.0301139403324229,-1.24320970270972,-0.173125870540949,-0.697336148256222,1.03667602831494,-1.0729461410513,-0.91827546033299,-0.115979727100091,0.370184853666906,-0.455390609734602,0.11902965751887,-0.134801574778209,0.115268049631279,-0.112435109336178,-0.64118705595374,-0.904397804652281,0.176009028479028
280,-2.59133616185386,-1.79708299073234,-0.38288849073814,-1.95205650279915,-0.251259374753886,-0.39103336304222,-0.721978421850034,-2.3622720357485,-1.83164599203859,-2.94518674408074,-0.971735667984928,-0.45798239006796,-2.06128814848193,-0.43909465321651,-1.00860679069909,0.0731701974352482,-1.57736135550275,-2.64859839632788,-1.65330846286547
283,-1.21863653955462,0.110598347985554,-0.712328072363495,-1.27876980573095,-0.155363674435203,-0.514985315421231,-0.442492360086256,-0.937291749405508,-1.14523113775876,-0.361311781069715,-0.725154113536253,-0.625865544374462,-0.0994008634079753,-0.667932643446401,-0.605540274788485,-0.23180016493834,-0.281989452956876,-0.94220290542423,-1.56430603780105
285,1.82579278612059,1.70126490321625,0.987176963550704,1.68308798343411,0.962424811674445,0.521600590701991,0.596125191759379,2.24777615615331,1.61607556178828,0.989972232737554,0.575974143939975,0.959413644932088,1.65211972769701,0.681566665298383,1.01629330426271,0.995524811408141,2.16038352864425,1.94515804373724,-0.221789348486259
291,-2.06452122227695,-0.817023571784919,-1.06822742613614,-0.0675829990969487,-0.654299688465988,0.0871836690681188,-1.71515697538008,-0.458298230745443,-0.280664856859229,-0.438085727602772,-1.85601246965974,-1.17277681893177,-1.02620951828392,-0.796696392219958,-1.44640244559106,-0.0260512696479429,-1.33464728122046,-1.63975908742186,-0.989475343081984
296,0.801064151948473,0.598621127946972,1.59538074531592,0.894980279356131,0.795670619808373,0.0810706118021091,-0.572083378663289,1.31501774659029,0.815433061815624,2.01076348920714,0.182860396713878,0.475738991984499,1.06690020788582,0.420909332976921,0.9643437843381,0.251093128692893,0.665244081812593,0.827701580899954,0.509259237765071
301,0.17069774552927,0.409131533165227,0.151207275779933,0.771091988707548,0.464439288649458,-0.0292669652081257,0.976877462707714,0.63687259107062,0.0451047013988669,0.453204414950112,0.868709050879626,0.554894014793796,0.177279009203606,0.235784978146101,0.84266859689128,0.310847245867408,-0.976896019616442,0.3719706343842,-0.381708555828129
304,0.0751869584175436,-0.465896746664112,-0.413805692043326,1.35898419506547,0.0535974809261469,-0.0684217327094112,0.48667686409003,0.359520992132939,0.932080290874445,0.388578642687993,0.0657434517172005,-0.368166929547677,-0.672843951253164,-0.611755026431223,-0.326869045215272,0.13494456315575,-0.181486575113686,0.0986886374962978,-0.420901910676857
306,0.791476506643637,0.594440119666418,-0.634887956740377,1.04371275995534,-0.215101250900261,0.508032840537748,0.371827644476243,0.470064569787042,0.8704310282404,0.602638553605386,-0.805327015461086,-0.34185823853138,0.774768719351443,-1.18770072353395,-0.0984454945979234,0.0876328181511112,-0.664391970699442,0.203995038626405,-1.00340251719849
309,-0.153660398946657,0.335880617406938,-0.138476878270701,0.503406923579418,-0.0882857789636335,-0.275919342707246,-0.954776258992771,0.811470220716537,0.826580470114387,-0.50691326274187,-0.693919360764564,-0.118828067003891,1.1588802135255,-0.245880065890382,-0.513703553608669,0.261487051390968,0.712356493585589,-0.418637374391993,-0.612182646127159
316,0.258587995307588,-0.0428080250855391,0.482261078728228,-0.44663948204059,0.149503943791219,-0.249213180254238,0.0374481492172198,-0.385753788788075,-0.160988064049304,-0.437318452698823,-0.0436630715347946,0.135583950934102,0.374934533419949,-1.00372264173859,0.214333666103173,-0.0381379335373684,-0.263005692904991,0.164011228992349,0.581220661550661
318,0.521318194681157,-1.21095827519125,0.436188774586833,-0.396118724211374,0.441610889421363,-0.75972705679093,0.26902667169439,-0.997591684349538,0.212039267529883,-0.616839160940139,0.628443218751916,0.441093555911672,-1.30027480797798,0.0726648567216282,0.665193927734244,-0.375018392918447,-1.02444627026498,0.148909921491835,0.279990662676332
320,-1.04686937428481,-2.17805967980456,-1.70136271564261,-1.07146928614735,-0.598041288489878,-0.931210309996174,-1.55511786054525,-1.17196722029744,-0.717077151864187,-0.88134382069521,-1.87784296194559,-1.14251452599382,-1.86108403414881,-1.38637948526941,-1.78064023266356,-0.400728449950234,-2.60703152309722,-1.53152209933322,-2.48991325755622
322,0.805265100935004,0.367575208799043,-0.0799250749305868,-0.208919868792911,0.31701925921496,-0.100276841154634,-0.0671723295660502,0.0163865047575546,0.172676561468895,-0.341133450574335,-0.132494479515584,-0.061719152347167,0.331581072746844,-0.391216869819942,-0.334479139039292,-0.148347828550402,-0.0975899559265577,1.337159358578,-0.697631949571591
323,1.10412770109526,1.28461337058137,0.552489697959266,0.793989336873174,0.15440696120854,0.304009991398748,0.653525213576516,0.267837176606227,0.756000468481573,0.370305239768277,0.427664176745706,-0.0424019390216077,0.694389765065391,0.417283879697194,0.382130289061387,0.317350308761366,1.33892932409381,1.13475653245436,1.38878027218573
324,-0.395891027441316,-1.29431794122753,-1.52718337541755,-0.19025886118795,-0.370928249262697,-1.09301783425809,-0.884497253118746,-1.74653378849431,-0.324954719021246,-1.23195513858806,-0.790609747105623,-0.860225237519153,-1.67322180921216,-0.839863474937726,-1.37912544122449,-0.592204950201848,-1.01166267583458,0.316162006784531,-0.125875116606168
325,-0.197186499622167,-0.0849390630705893,0.0379490200918466,-0.226737224271606,-0.183030872497492,-0.551317048925754,-0.611571047516935,-0.509827839710389,0.0327472082728322,0.558583961598937,0.149014044020558,0.152619602144275,-0.585567670219267,-0.00911358599852771,-0.297050939426481,-0.258625543418507,0.584056799903731,0.288493365248989,0.120356812836721
328,-1.5647463416809,-1.30210536570125,-0.362815749458239,-1.06843937976063,-0.818718876648198,-0.415872939081132,-1.34854828218602,-1.35584335080813,-1.36455517065569,-2.23779398051149,-0.313946215697835,-0.47849914894646,-1.4881336679083,-0.645284841440113,-0.483186638497326,-0.600314418198187,-2.18130995734673,-1.8800181981898,-1.55006739184389
329,-0.358271065211478,0.658331464583505,0.214226121593624,-0.688649993397319,0.246016255607159,0.358491211899701,-0.380303074371662,0.290650063284368,-0.204633420633332,-0.483743324575044,-0.198945709898539,0.257134630314448,-0.0330290795854146,-0.369083916292551,-0.497959896237347,0.241923169377656,-0.174792996827331,-0.901594124618509,-0.654978742057296
333,-0.33590227471435,-0.132640214258104,-1.24075267569561,0.513744614561062,-0.351172752138336,-0.73711448161464,-1.84719134276369,0.0713411060962985,0.0682028716500284,0.242312970602434,-1.62189088671845,-0.967841135746686,0.0536377409209476,-1.18573935823357,-1.19525854732975,-0.100533793092985,-1.15393546780207,-0.625420191620277,-1.4722782168488
337,0.32613056205624,-0.437576049651843,0.742222547887553,0.448923417779211,0.794986708883867,-0.273475713949231,-0.336272591551671,-0.453821078820708,0.471424591514173,-1.80153926704794,0.29215109697356,0.839565427187937,-0.0947650816267773,0.976842242729351,0.434092620522048,0.456828220781237,-0.504867686441988,0.979889145989345,-0.268655778240895
340,-2.68231456325533,-2.58022296800933,-0.819374426423898,-2.19094174394953,-0.859512112797998,-0.555125236253933,-0.895698088260817,-1.96598465699268,-2.1218310497712,-2.46256284609389,-0.861526192332583,-0.809490473456446,-1.51450260242329,-0.520790514594656,-1.11392561800101,-0.838190369009901,-2.1700608526537,-2.53851467394252,0.0524864150258794
341,-0.630035946540858,0.268733547722184,-0.404336990772209,-0.879249696321804,-0.151362852632959,-0.0920582346535876,-0.790296269442555,-0.177365505730209,-0.460698070019778,0.98680603209331,-0.858209562538567,-0.499035415647433,-0.292688327486047,-0.385043991141481,-1.34022117760107,-0.341831662967511,0.104544834333885,-0.555107220230153,-1.85763362008189
342,-0.894920585118491,-0.939662721718418,-0.460876805515205,-0.426227576297183,-0.120408141384772,0.202271866150234,0.247143514651962,0.0577863047736715,-0.85247644624768,-0.188577512907187,0.0807401834910162,-0.476730931377103,-0.721701090816421,-0.139069871083607,-0.350834183870434,0.159187880965631,-0.898859075137449,-0.74733982078122,-0.343431875137171
343,-0.244668636352157,-1.07238582264061,0.0979244025635286,-0.144304677508201,0.128543469205784,-0.356066217982689,0.504121747858361,-0.202580984961191,-0.503501806461495,-0.925690917822788,-0.293727079526424,-0.0849990692927484,-0.692669389501687,-0.207564431317824,-0.139449626151241,-0.379668434198429,-1.77941969206837,-0.539157783044666,0.338363400646075
345,-1.17161074155322,-1.51432782413141,-0.517894952812091,-0.926945428329269,-0.646053757479451,-0.768904105563304,-1.42244146927848,-1.26435371085524,-0.521584685467497,-1.82946311359188,-0.909032003506046,-0.291647119507476,-0.873166374989744,-1.00783966177831,-0.536220924530767,-0.44227385147954,-0.839250976684511,-0.65376820216744,-1.79160099960917
348,0.565280526048672,0.0708588890558047,0.128118935089366,0.419188363284097,0.287422054127671,-0.421550757617808,-0.790452442100522,0.34850083934803,0.26768923192691,-0.383886646800844,-0.0120889600421366,0.282601962465781,0.814832356235091,0.16619281818777,0.604052744167751,-0.000464561976835671,0.59293192590193,1.04730705720167,0.00736386036617058
349,-0.327479587124035,-0.510474188996399,-2.32013423116154,0.0366337436720421,-0.726253811752168,-0.184501675129118,-1.98518354389114,-0.449753142588816,-0.315688592557392,-1.38288476146358,-2.20213543803254,-1.51005568225518,-0.0538013750247207,-2.29775743421562,-2.17593667760682,-0.105422974138446,-0.291063732361732,-0.695924468667932,-2.39931305700463
350,-1.20566215102337,-0.853230222932179,0.315557916295386,-0.872616098067792,0.294681991362964,0.189798856203357,-0.166265023872817,-0.816458514921586,-1.01243037596087,-1.30523663816908,-0.156503242448225,0.513321738953982,-0.911305264445638,-0.161691724610611,0.0882947980937761,0.4452990103125,-1.37032868422503,-0.786399058837675,0.454489407257957
353,-1.79147102592149,-0.70352063919703,0.61315522132496,-1.15107636781854,0.782548388541831,1.14950856372599,-0.360144791113293,-1.53721453948601,-1.20300801058572,0.534183155290329,-0.509543251471648,-0.0809612585288515,-0.571111119387643,-0.174178663376159,-0.97042285677804,0.701745351659865,-0.916258876229962,-1.93957847515448,-0.885722298388534
356,0.536803139605096,-0.490717691685183,0.734981752180122,-0.489058975170878,0.361098837231335,0.483000041803364,0.0771901026186964,-0.89136477280394,-0.27288487834237,0.0404067303544135,0.622386575457905,0.84441638524074,-0.66785057982026,0.809133120318657,0.691158136093353,0.277300251662122,-0.575128840204924,0.670258771929485,0.297567528547911
358,-1.41660547035578,-0.688953625143843,-0.169361548686262,-0.73033331153327,-0.401173412160659,0.133967155620103,0.0820023139496423,-0.985219483161239,-0.579216884220606,-0.947414973891611,-0.227383539492593,-0.117660863652102,-0.594334234604559,-0.218067894308211,-0.553073492539157,-0.146503982103493,-0.897353045008349,-1.17703034877751,0.325684715741487
359,-2.14579299206423,-1.84498267375635,-0.450548606311372,-2.00531431199329,0.030387863311753,-0.252202916708134,0.4791633874617,-2.02435791150073,-1.7655587484052,-0.681498798463423,0.487295903923133,-0.686415984827085,-1.66367315387642,0.536346579913601,0.363369127864345,0.0309423648854964,-2.40742166565927,-2.0864286242176,0.325229755544718
360,0.426616537772679,-0.720827565329852,-0.16546871458873,-0.817374884594898,-0.794473484942518,0.260303818048244,-0.379865991935256,-1.24241546734371,-0.845025914013401,-2.26402071168108,-0.00916629447926053,-0.333184050784166,-1.27393985500481,-0.0321342981415298,-0.910952297876777,0.000910174396479567,0.0729749397324446,1.03399572077929,-0.380295649128068
361,-0.264386920645742,0.0316631260078963,-0.0237227844207835,0.169860840041675,-0.147719437769258,-0.680402100297595,0.348612918447257,-0.304998173924348,0.154542264373261,-0.768476419023401,0.0987283230334209,-0.0625955382633239,-0.00608643831881373,-0.324718933633447,-0.33723885874446,-0.34246922958801,-0.655083059731465,-0.286604857628654,0.0750566203029668
362,-0.199554841116183,0.913219403784556,0.397382219244707,0.817394543342148,0.59100628809414,-0.17950675497543,0.432302891987345,-0.157932159490842,0.284256159491541,1.78034058792973,0.818499726787829,0.109588063700005,0.832941315205807,0.489092715232175,0.190657051169577,0.579916609685712,0.0486805534767165,0.225092150423079,0.893188657624149
363,1.99914293511037,0.489258215228521,1.21732553515379,0.593718369087892,0.204574230261333,-0.12620332816602,0.69057998285672,0.166751260552479,0.739077128924219,-1.07832907500239,0.506626575643403,0.74614049005188,0.0743358428428068,0.209482643694215,0.707603033891244,0.0211949772549748,0.0694164383495528,1.33105475877365,0.254424257905374
364,1.29132933300049,-0.303229739744087,-0.721949782436743,0.189833211624473,0.450635798552997,0.369074949508809,-1.23947785883496,0.465523793134071,0.222106146983545,-1.00857287851063,-0.854765345692522,-0.337340735228629,-0.406177911685539,-0.886030002193461,-0.868979189212064,-0.0656422196404064,-1.52200849521554,1.16734326376773,-0.449104746723687
368,-0.156680804344253,-0.124443417963831,0.0415662909743754,0.670695111072444,-0.400256816827845,-0.384692631621826,0.321591301257648,0.0472719530668356,-0.0851472732583987,-0.776370935786727,0.319980488388609,-0.543013997412596,0.112304618538836,0.582615279971509,0.126748644851419,-0.261598323414489,0.926614941603291,-0.237272517368149,-0.0555734089885736
369,-0.480316728912777,0.305965532928678,-0.137639330831205,0.165901092853739,0.455064450856449,0.167432408937668,-1.15046944403854,0.505131062525978,0.0855543853725446,0.324392441613298,-1.22893849845491,-0.250343746151225,0.00909388525215436,-1.11101042610065,-1.235733097636,0.376555386328739,0.289940696464895,-0.728635891084329,-1.2070851194022
370,-2.60143109855711,-1.86933155466519,-1.05086289900063,-2.13280054122261,-0.870149584575305,-0.786794479219824,-1.51396438874697,-1.99812145106052,-2.01519256915155,-2.15492505847395,-1.62887612717495,-0.36794147790475,-1.84334274569168,-2.2084218179806,-1.32848528542533,-0.855833359113604,-2.75590086505392,-2.67671263425412,-2.13950604777129
373,-0.228273463102525,0.00780209342715796,-0.539653338414374,0.524845178037148,-0.388197408784707,0.265330601443553,-0.613195446656907,0.37212252063515,-0.145024051232875,-0.0127865525815733,-0.637181977390097,-0.286497006633032,0.0473584328197823,-0.173537722822329,-0.421743101618218,0.0423386746440747,0.64013312016327,-0.527325657800534,-0.405964162560972
374,-1.34282044632215,-0.280074861740317,-0.514721068701229,-0.8486581434823,-0.00780030762816206,0.0767926211422897,-0.327517864517789,-1.50578914907868,-0.380843297026711,-0.124964787879431,-0.461456841197256,-0.475098797307823,-0.808624035738148,-0.202868310880615,-0.798841940647801,0.361530369949906,-0.433648865214832,-1.01281306063341,-1.2867478350726
375,1.27475887235589,0.96863881121063,-0.0476142580770485,0.732383573831085,-0.0126117104407948,0.300140517229248,-0.412275262878518,0.909886990208441,0.318674812813326,-1.12796986479303,-0.149686738298959,0.376356085937188,0.932094147422107,-0.184494085071037,0.0312114825960951,0.151956039296607,0.905561095097218,1.31092176028632,-1.16411991561289
376,0.080498336174987,0.795572358049654,0.309247832239507,0.389543546981294,0.317861562173305,0.63901708615337,-0.455971661633423,0.759837244666319,0.0887101409401351,0.825374838846534,-0.121087454081856,-0.0373517707273102,1.06584055841024,-0.0565781390444654,-0.356468611501116,0.555025151905515,-0.11290050131045,0.174520522095517,-0.548892728832237
377,-0.497042104605961,0.322317491632934,1.63704624567164,0.765955779255993,0.456909452236705,0.00195458296323676,1.77752281491851,0.660481074158695,0.281578167258894,-0.675161420071401,1.92015751020072,1.56022919465814,-0.885976085357229,2.32269410785459,2.42899109141767,0.489142829071397,0.313332189724454,-0.345050266499789,0.892584813299036
381,-1.25376181098338,0.0238475318109136,0.170521073221634,-0.401594544168154,0.146653068586343,0.0889442660519301,0.423854229579691,-0.613376287209841,-0.667623543726362,0.658948717744864,0.525670424547902,0.188118876959829,-0.532474247872712,0.487313287034365,0.010704820919848,0.450974297552888,-1.26845880647068,-1.50278649010404,0.725168725909841
390,-1.45079159623525,-0.759506465777748,-0.508390930408737,-0.90425028494887,-1.01461447680316,-0.46127195975182,-0.782407845406424,-0.532781011474085,-0.469349263193874,-0.251584097706217,-1.22871719215186,-0.746211273028052,-0.703984587745893,-1.55016634840014,-1.30552777580475,-0.72454968990666,-0.756672870368046,-1.26009773417816,-2.45224155191966
392,-0.169423608822575,1.2100288861083,0.805021168757417,0.480954011013714,0.71543360799733,0.0270979214853041,2.32151231805618,0.849418843178453,0.490922490206335,0.805365089920963,1.40464522508144,0.556552228712856,1.71473657684257,1.1102105030874,1.02353309845121,0.310181196503458,1.37584779442041,0.442340593960798,0.795557484000944
394,-0.758755213227713,-1.43906958960582,-0.582553670407271,-0.218400207214552,-0.532752618657849,-0.163226876340763,-0.275450772482707,-0.44721467291858,-0.270779209550681,-2.55750511744981,-0.765564289888866,-0.737523172649806,-0.982772416643387,-0.796238760646444,-0.856090369143071,-0.123096678703113,-1.68354133504544,-0.411222865371683,-0.270775366489234
396,0.404157520982502,-2.28004611786184,-0.0618779560071147,-0.242540024873679,-0.307883661285889,0.223563796144176,-0.405770181664457,-0.573195787327538,-0.595139794926891,-1.04734294545343,0.466302600317851,-0.105468242957156,-1.51751422148578,0.0267792710055445,-0.196593344830573,-0.218410311809751,-2.79176473799812,-0.0955171171713172,1.13025441786334
398,-0.353754895911487,0.318218692121237,-0.12145022570694,0.716036933475697,0.353823480775711,0.0365922730813671,0.220902570425304,0.22562873474171,0.76837093291221,1.25397110972508,-0.049027250832322,0.665030848705796,0.389016247215879,-0.142747549246839,0.0719834862438625,0.505846442909461,-0.223983148999941,-0.788849115146679,0.0495359481955321
401,-0.829508390274008,0.80914822859398,-0.543053791791351,-0.379090318037733,-0.111437797907357,-0.920606292885558,-0.126255746404533,-0.440201842902395,0.186266026609552,-0.493565266030963,-0.807885732899774,-0.338823299632776,-0.214245330009812,-0.869591389286788,-0.704890094209741,-0.151087028492872,0.664194406994551,-0.665359779727809,-1.45123922160969
403,-0.775505192601842,-0.29516701950638,0.0819559675138634,-0.614740534606778,-0.0795813944315502,-0.215167785638906,-1.11576350567856,-0.664606661869695,-0.669462773354818,-1.72596700132516,-1.0113933673499,-0.0857882094495971,-1.2720991091634,-0.272780393148218,-0.181232615735968,-0.401693838320156,-0.854312741217032,-0.69240277913726,-2.21990056109158
409,-0.741847523031002,-0.603452453783905,-1.52956279318387,-1.32197440177771,-0.105523796047373,-0.311226599298491,-2.12317727095598,-2.15455537071623,-0.571678917011921,-0.207291808474802,-1.73961818474997,-1.23513901555806,-0.842321488594257,-1.74090242001429,-1.61805136868662,-0.474604416592381,-0.432080629395784,-0.995967635476392,-2.10157959436051
410,-0.629258026589314,-0.407292900328644,-0.0960652432598547,-0.307563770810706,0.274524301197234,0.65221994169396,-0.585687014015417,-0.0712615952947581,-0.851991973776212,-0.190862745512341,-0.24245372723483,0.409287275929618,-0.366889631180878,-0.475044039087214,-0.234521870131867,0.277135790691724,-0.36361695601648,-0.328360890531624,-1.75802263760056
411,-2.18785373629975,-1.31966497993904,-1.11720365926503,-1.53935578389336,-0.03413533036295,0.0881261174453289,-1.23238443412692,-1.12282235006708,-1.27409348904014,-1.48047160856444,-1.31716552462489,-0.943973243479721,-1.02936649788361,-0.615023426724498,-0.926777047261258,-0.156700812968749,-0.703340393975895,-2.30523847057242,-1.78164892527398
412,-0.448161874105834,0.203820195829372,0.625429329204166,0.140124734468789,-0.00812808919223882,0.834749708137825,0.148097195246409,0.0815102896146478,0.547410206973811,-0.929938794131182,0.81998401146328,0.245866361785251,-0.140439553369995,0.762213176934286,0.1102169930231,0.0781032817786439,-0.0114803038990766,-0.55414022897623,-0.481765109845257
415,-0.957515242927059,-0.0115830608542499,-0.0104744093799283,-0.246206692068539,-0.342190402632129,-0.212278162335554,-1.02645991154019,0.285771982869937,-0.464911304937944,1.03829231930698,-0.346332313755967,-0.390226625029287,0.38116861667473,-0.260816903287357,-0.574734255929015,-0.214480016469966,0.371326340255755,-1.18416630236988,0.32872525242816
417,0.377355022314819,-0.62910560206367,-0.7394844229386,-0.309510987335475,-0.239281449106349,-0.0145127748670892,-0.888269405163659,-0.712326804672512,0.00244565335248451,0.753264905432952,-0.76268480256688,-0.586560123242996,-1.21605388393708,-1.01664162636409,-0.562188544748216,0.0736036934948086,-0.689788042013205,-0.109081478699523,-1.80530122998053
419,1.67692582068214,1.2367840098896,-0.740318241242145,0.458923404055729,-0.271143786293149,-0.00389550661446596,-1.10058513335867,0.515197974567452,0.828973804612896,0.78469858685268,-1.80426779850701,-0.698005562474627,0.767877317028489,-1.43259748088747,-1.39899318921218,-0.538525530328481,0.661881510070097,1.95742682038631,-2.60410232034585
420,0.0490579927175082,0.504746667929115,0.0220134585525501,0.38887120464186,0.891410633866314,0.505150185387087,-0.214063168539243,0.0428905079700324,0.714282832553131,1.61418078243976,-0.0791520666318015,-0.00775258410926944,0.173946435773678,-0.0822808478585496,0.249734011675919,0.382459471316237,0.414430101086341,0.0276474689870952,-0.683782383599423
422,0.3685346200843,0.57718561646315,-0.767232983061413,0.424245322406011,-0.27432305570383,0.471416805536216,-0.942047688139062,-0.161603718582589,0.154762767316307,-0.109460376794839,-0.944315821732604,-0.516828481410249,0.157694240322434,-0.761489937211556,-0.380741898985584,0.157339366980681,1.03921687591159,-0.0172193107734414,-0.173523968049841
424,-1.12671985729144,-1.15439805406902,0.198445640616466,-0.0704269490374375,0.0926166300439102,0.564358158639981,-0.180053815133166,-0.891235700370141,-0.76926459135884,-0.256127156593438,0.135197136596584,0.223773125494984,0.194325128621686,0.538806651603871,0.157936935236771,-0.184765246673592,-1.23277770033307,-0.989292743976358,0.397234131720542
425,2.09281651289708,-0.704539163915156,0.395616112635159,0.537448453960287,-0.29543696285599,-0.896359328655378,-0.153150290968255,0.358314772164612,-0.0411449933782114,-1.23111741771687,-0.178631642412382,-0.301304138316866,-0.546128609303631,0.0143178468758682,0.24946786560265,-0.398301405902473,-0.00415563630733478,1.53234906858886,-0.319242802360008
428,0.612887660494828,-0.785681739931752,0.328159705433202,0.248299618013292,0.31136057039892,-0.0177651157663924,0.419598326539959,-3.14096662865491e-05,0.102383955662492,-0.00279483044412848,-0.104399570596016,0.157350165804361,0.000596718839628021,0.365170659900274,0.246324208995854,0.185327027069378,-0.737329747600057,0.230346992366803,-0.249921823290361
430,-0.305878868321772,0.559079825503492,-1.40891943534611,-0.803480550374869,-1.15262335775271,-0.582774402230889,-1.1487266238722,-1.05273714658609,-0.348032587405777,-1.14012660399498,-1.04113992630007,-1.14444439464625,-0.369751378402919,-1.2236474675403,-1.16269349876072,-0.356895680966037,1.46331606452076,-0.377309731663322,-1.02145858791956
431,0.947762688693161,1.38935076145323,-0.824052134761775,1.58741675916815,0.480721252696059,-0.36686145413337,0.0794373600159979,1.08250345207128,1.52903908698188,0.982069188171507,-0.415243556520445,-0.317324892653803,0.931955398618874,-1.06287362958418,-0.307894827113984,-0.142552371005559,0.341876347256995,1.0497680807048,-1.06719176548389
432,-0.831640128116893,-0.984179482341142,0.291243332981022,-0.494421814712887,-0.0390228456603967,-0.345983119034368,-0.520078261664232,-0.146553792430256,-0.518045736665763,0.950394526437659,-0.322488641816856,0.15147879761666,-0.714515424392489,-0.244547218918288,-0.416770749295917,-0.047024527811061,-1.66969480520159,-1.20726898707897,-0.340756782587782
436,-1.14775827352709,-0.121553854183465,-1.04016501900286,-0.538604414022427,-0.484282371176616,-0.876215651724706,-1.41271363695403,-0.835755864266935,-0.463745156833157,0.00511913083720766,-1.36236118341504,-0.437207036633474,-0.581278724940805,-1.11916464362597,-1.0039549228123,-0.47373174623956,-0.216114888968136,-1.99948708348237,-1.48815628284153
441,-0.309399961511177,-1.12156480378707,0.469350187925557,0.525005071814751,0.0819203437295601,0.143744163697463,1.28132845485852,-0.351849783300216,-0.12448376935363,-0.665833675084946,1.17953540519805,0.61557592487669,-0.29596465004163,0.833214334028424,0.819844054294416,-0.0197393328679959,-1.37757857182407,-0.391591779979488,0.772635610614682
444,-1.13147361290065,-2.48570878754831,-0.975275074320502,-1.72271676296441,-1.00129568374255,-1.8366156195918,-0.861800189589225,-1.58528532406208,-1.22291935612702,-1.27460902795804,-0.840023866366199,-0.701022508086242,-2.74933309598838,-1.03673491623751,-1.06389389682057,-0.880133379745647,-2.75544294857478,-1.21735823641052,-0.00179131507619038
445,-2.30252240776874,-2.0177444854371,-1.15883867170617,-1.48043128047905,-0.959597007188667,-1.05369345025564,-1.35971742546623,-1.97111652033746,-1.31670242375158,-1.9356465757274,-0.823716883612553,-1.23757340954788,-2.22563812069556,-1.00783008874426,-1.4144991262197,-0.578601881372544,-1.36400999741002,-2.31511260464637,-0.86294554015333
446,-0.119026955667081,-1.25256080982279,-0.333634784932717,-0.419212260508373,-0.280544056270334,0.141705253230462,-1.31251050140069,-0.350373026594801,-0.64682626053166,-2.30307146034586,-0.868877775718905,-0.727114732245228,-1.28335082152658,-0.613561021172218,-0.801999429006536,-0.217110188482022,-0.609561894714317,-0.453059770020026,-0.946618741210505
447,0.376094507808561,0.690297686819556,0.530718119261379,0.229742619084583,0.625645778883697,0.0327174375013615,0.308630012499547,0.247332923864255,0.177982557712406,1.09366294302848,0.197834149659446,0.901059008865498,0.242999683033239,-0.0373787488949426,0.459071127577573,0.158153139914732,0.54703178627962,0.0707256498673554,-0.0932616617319273
448,-1.7243593697307,-1.27317607294662,-0.480716339132298,-1.95761410290086,-0.145087366405912,-0.0573868603490748,-0.784117311716387,-0.414366763373019,-1.46809308905607,-0.771453639086414,-0.756652075577651,-0.124900907339622,-0.839357426808572,-0.323441307259644,-0.313197579497689,-0.345440963861435,-1.10474481803958,-1.68441603182203,-2.06675930213882
449,-0.637716656402598,-0.802938342561662,-1.2284892314512,-0.5331212407754,-1.37457187368052,-0.638676946586095,-1.70458974214498,-0.785418563883059,-0.710751940770708,-1.30924916973905,-1.92136750690407,-1.17260920946238,-0.84398873319268,-1.06360707385,-1.2753750840559,-0.68665892386204,-0.183094556943697,-0.187796413633942,-1.48750273738459
450,0.653895519240248,-0.510810002305708,-0.405432717002307,0.427328231651175,-0.125965995666634,0.383854466538022,-0.321704406908473,0.678627986941008,0.247429654759973,0.245939984815319,0.245888945230346,-0.230027363953937,-0.569789633213274,-0.00918842901289269,-0.275800871055088,-0.134529842804007,-0.88660555224693,0.354456551283182,-0.0629075807399341
455,-2.07514184107298,-2.1817680254936,-0.95832924122109,-1.69883192403085,-0.325284011684593,-0.1001292576756,-0.166128616598585,-1.63352783999703,-1.34790333209802,-0.991838495928709,-0.416331047195832,-0.913889789975201,-1.78255397353414,-1.10816843376893,-0.893683873884518,-0.0733725950182492,-2.16218697255901,-1.92739022449243,-1.55605224090114
456,-0.0529950386540491,-0.170818560848249,0.269725635347825,-0.612632412814553,-0.710483548683281,-0.896836394265344,-0.824442985706013,0.466422435753372,-0.512844927589256,-0.316112351121698,-0.443045230421984,-0.359555722845345,0.34635142470128,-0.787808956211205,-0.0390495825730382,-0.551187464710964,-0.806434669294254,0.101349701390101,-0.944927054925892
458,-1.27172951045567,-0.631275865626494,0.00756511805356293,-0.840629354842827,-0.20069298671072,0.0704353861673919,-0.382947395779664,-1.01142599058907,-0.568125417241428,-0.519991314794503,-0.249141164295373,-0.241726978556952,-1.36199815930842,-0.348153143308372,-0.469106457538968,-0.304638464556827,-1.10518899693741,-0.772096489135848,-0.0284445798610225
459,0.367150039737896,1.15689546238595,-0.0897267575947346,1.32296252833155,-0.339447594806228,-0.0812960359374602,-0.358032482825634,0.809144151306546,1.32652225753619,-0.0680587268619557,-0.679193108682489,-0.409673352438135,0.699861710233895,-0.126052794615795,-0.214085220675242,-0.155322358383795,1.38226468532948,0.0954690966984681,-0.894643319148252
461,-0.179288622591484,-0.0626676886164415,0.746031134939414,-0.136023901131616,0.492096948337025,0.158797713609431,-0.0863654999158092,0.430536743765745,0.301593973637838,1.30526932775242,0.185149459572917,0.485977856181961,0.474995149376525,0.45296901565917,0.470228498896141,0.116101703570737,-0.661355601641286,0.47964948031197,2.16738400490878
463,-0.299225750091044,-0.123047710516391,-0.482319759306264,0.376191581289478,0.210035637245034,0.702652166837996,0.779918965031015,0.196662617474463,0.416317347410058,0.20008046779949,0.486091174464674,-0.155823059919555,0.51182899363998,0.397422123379678,0.562133044709153,0.540506606971528,0.111455880905803,-0.63032900674028,-0.0205351479451857
465,-1.94961518348618,-0.799388072679798,0.786477373895285,-0.630790266573971,0.830984148264313,0.22692773358466,1.51360892046965,0.0751361038931191,-1.1157819894102,-0.79063341189089,1.70655735632871,1.01868759063446,-0.333068710945068,1.34546615055914,1.47092543907247,0.0803544166284014,-1.70748136601793,-1.69944237815606,2.06282823010774
466,-0.97759514559485,0.232494332522877,-0.955564725697607,-0.31739430670935,-0.889657708677848,-1.07284045739785,-0.272182802384873,0.0132809952696387,-0.133244796544941,0.0736519978800123,-0.169408797326136,-0.672355679373917,1.10306069432548,-0.77774971523863,-0.26174951531704,-0.558488950105073,0.638936930360406,-0.828674408218789,-0.222105126482472
467,0.911835400222664,1.21534993921219,0.0763070650404797,1.26224840249331,0.342069658382858,0.624925326006664,0.0664593002598114,0.978499325390399,1.32393934187938,0.636053086529833,0.110738542093455,0.256283736352554,1.60565529043129,0.596147728403836,-0.334622271012209,0.398530105234782,0.398089112702072,1.02771436481777,-0.895557913800485
470,2.16186213254826,1.79972000810914,-0.37625952775884,1.37540378628201,-0.247091688684743,-0.125336910948361,-0.77937405847158,2.00727956941304,1.79708159036972,1.38159145471199,-0.245327609772144,-0.196599637788919,2.2565181731318,-1.10255173013137,0.0515471712099104,0.11941419645065,1.31818044215293,1.93415044515275,-2.17438555684661
474,-0.532250516078578,0.67759870558099,0.135027796678514,0.221808114121088,-0.0232003328347622,0.0182401940885641,0.626353056632975,0.674841786490254,0.512351225303872,-0.232356149556419,-0.0144072364666275,0.262445770310555,-0.19560518385493,0.199926217797432,-0.318867311113691,-0.0757253123818251,0.150600580474505,-0.331966079214785,-1.06892109210426
475,-1.66372824251017,-1.43521534811588,-0.687407599101542,-1.35062822586522,-0.732920190951616,-0.284541539275746,-1.45733095664117,-1.05718091360663,-1.33830152803328,-1.48146327908514,-0.836705857143691,-0.786745377031317,-1.19559475961835,-1.02453241974187,-0.609245775420633,-0.337249189877352,-1.08254776072922,-1.10842992229682,-1.0738275311766
477,-0.85433021970129,0.895026514191079,0.273219721661222,0.662317907292556,-0.134520593160103,-1.10321943570318,0.0941600238555838,0.527754833201292,0.704857487590956,-0.0164090284022334,0.289376705503319,0.321526406804328,0.0589429170526482,-0.472137736999235,0.17885141276212,-0.773496711563404,0.686349171075085,-0.275015044531863,-1.53769059393042
478,-0.469160645554581,-1.00716685709235,-0.900541108080364,-1.14212899423658,-0.62845544500289,-1.0710235178943,-0.248603660147357,-1.24235386112575,-0.901266120069499,0.49439759398034,-0.89723706017041,-0.897507577713071,-0.890690491912054,-0.635752740056325,-0.857515302852012,-0.64037630085274,0.163971521594529,-0.383198156182842,-1.36979704372164
479,-0.122899143694674,-0.361550426863759,-0.7390119528302,-0.2329807094187,-0.424195898614791,-0.0941951032913008,-0.651520060833703,-0.0206301346173774,0.319010323382725,-0.550197382315532,-0.42316621423181,-0.45649664310435,-0.019637403471236,-0.631632266561375,-0.172098349680123,-0.201487911180453,-0.269368311012798,-0.026129029640684,-1.97663610613144
481,-0.84490803959031,-0.518998089562493,-0.774739781936145,-0.156149142936573,-0.495160066159275,0.177439840706867,-1.62430525167849,0.19494246122857,-0.554654132439341,-0.126185834463286,-1.45032167974254,-0.765818573695567,0.192196585696049,-0.669187185249991,-1.29280904927154,-0.186428082152654,0.79058794206351,-0.0481255789234515,-1.72570882563877
482,-0.172941523898898,0.660015059923866,0.993119441699349,1.12778933730786,1.1104782174975,0.315928022552708,0.757371024255118,1.80863748699911,0.960008834414601,-1.31061204843111,1.02004060410474,0.986757307524741,0.973296646934292,0.774605812727512,1.14469009293497,0.30637811734436,0.988453810296738,0.0240028208505728,0.415074201127575
484,-1.47466874109578,0.156708583924167,-0.871450036668407,-0.642864937917952,-0.568869882784936,-0.443511805086261,-0.862893794715503,-0.439449205786122,-0.28996730067839,0.254963347881991,-0.786237434095614,-0.786053985133396,-0.919597358308777,-1.25413172282694,-0.866833841219455,-0.565506093774093,0.863097188787061,-1.30770848094558,-1.49237682629192
487,-0.0855874044411534,-0.00723588114008582,-0.943033157896649,0.424809153001991,0.134252017591887,0.0156683363053864,-0.769274170233954,0.140502594363851,0.567228747315306,0.970401213281486,-1.36026494418613,-0.780241240768397,0.445192740763448,-0.97205499983968,-1.68836210413873,0.292151899480327,-0.635200678385684,0.309015425213288,-1.32981083019448
488,-1.37021342359184,-1.96726188611071,0.611696305763675,-0.984135619537918,-0.170531420982756,-0.299962016098298,0.0474826931822307,-1.30180092353586,-0.727858456201511,-1.85910718696011,-0.0190068197434787,0.400359154856101,-1.82008613501123,0.31016674605405,0.371402435757556,0.192111379911568,-1.65148010355712,-0.523596883028224,-0.0916349082373795
490,-1.46536309836973,-0.693223539303591,-1.24939597069319,-0.734337769679304,-0.429422529342869,-1.30368629801132,-1.34335495099742,-0.750385055475397,-0.787739595231493,-1.37278501465185,-1.14004210815657,-0.800186889784792,-1.05038389481042,-1.13193197558154,-0.687405997605567,-0.33996857823895,-0.854322985325933,-1.38143053908638,-1.92480964820473
495,-0.849541455439936,-0.534202379927761,-0.155828618143609,-0.354362028223637,-0.482166622053904,-0.195918079259531,0.00392189267405362,0.244023429902121,-0.0957733787931635,-0.463013353826123,-0.511307458844059,0.185278127136308,-0.0438210208983324,0.427636912126133,-0.29693059669245,-0.255268241811612,-0.797481028958769,-0.567238431280862,-0.468049752024605
497,0.0684190319860943,0.339502365731612,1.02720592490998,-0.344797637883757,1.0020527573808,0.263949771300271,1.53273994539853,0.681657207722661,-0.499643179235516,0.526213692847006,1.49367945808911,1.50874573153482,0.804026310400941,1.18569865509348,1.66279656102318,0.287625215966795,0.0863653960427972,-0.533636199435044,3.31011495122928
504,-0.969458896791844,-1.65709199654562,-0.478100693940765,-0.640160195426836,-0.321474910254067,-0.153231054724042,-0.974205411508605,-0.484574985521283,-0.64419356125353,-1.4877998156399,-0.396148000974089,-0.518990921973938,-1.44273236579852,-0.614109102895325,-0.942488189538071,-0.209241243692296,-2.24719730396317,-1.13157250559852,-0.19789264249985
507,-2.12817015688053,-0.527821614073526,-1.05091600200304,-1.26995302084401,-1.07328764525129,-1.11234165670712,-0.814773882232542,-1.6807325218006,-0.816395183367762,-1.35605025339464,-1.06255012867966,-0.874708567112697,-1.56802115248081,-0.744715489798469,-0.967975012785707,-0.872171544523948,0.0401635158481034,-1.94422479145578,-1.18865876447078
511,0.813459246940802,0.28795871617887,0.169115517428106,0.431357831096913,0.169878482474668,0.489333775001088,-1.35309666315292,0.27241162204032,0.0693594541116235,-0.276638233024259,-0.444367400800097,-0.143265871770435,0.364923097908046,-0.497649655772933,-0.560040907826762,0.333798082491133,0.820194169769857,0.63241153646118,0.359221191405597
512,-0.389858513663867,-1.09927965433206,-0.664660763061893,-1.0240285622268,-0.253562355839887,-0.629909740276756,-1.19902351904431,-1.86080740021643,-0.36503866823999,-0.960380734367337,-1.18301255488444,-0.657897690533194,-1.22509654144202,-0.3104441372764,-0.64488465337002,-0.210703296329015,-1.57314466907674,-0.883777096765843,-0.957327941805986
513,-0.56640323444153,-0.366250333253918,-1.41829862261261,-0.373938315588671,0.258300529592651,0.289159117814274,-1.47750574202773,-0.160014778480962,-0.14459920321285,-0.432290670232387,-1.29067047475391,-0.728344727835078,-0.160970962256221,-1.04873784025862,-1.02894723490108,0.358093141460851,-0.722543370269075,-0.819301019510857,-0.434370374230015
515,-1.1981122346843,-0.792839526227991,-0.380986785847598,-0.372714466091745,-0.44388268401256,-0.325965661349185,0.205554041439529,-0.367123482267016,-0.457976314610365,-0.294005294401524,-0.188892501789269,-0.920061825815732,-0.854733216966603,0.378496167113239,-0.575778942730548,-0.478234166490414,-0.379266291533028,-1.08992435296458,-0.873063986104101
518,-0.544933501289212,-0.179809719216414,-0.862649720980436,-0.0195957567981172,-0.328131341115844,-0.038525295565781,-0.391618167723888,0.0716967459806774,-0.371232042608816,0.0353441485819692,-0.367751878129354,-0.498437217210498,-0.336174257399676,-0.310315131945106,-0.916174512266664,-0.181122981592027,-0.0344507502039831,-0.710857420295701,0.0445845161265423
520,-0.612589211350507,0.170575013001024,-0.91474526632695,0.264828748963205,0.221589341947269,-0.373131208818436,-0.783664080562981,0.127389450975402,0.0481967985003399,-0.578134002721936,-0.447675332454208,-0.755064176436431,-1.80885549879121,-0.522280621005256,-0.0621294638068325,-0.38969123827956,-0.0741932470770103,-0.379636523421715,-0.916419021245773
521,0.551284736097263,0.183331842865814,0.32749494013982,0.41749738258474,0.522125577821277,0.825019677890275,-0.826644488778321,0.999186388500914,0.205613622136626,-0.0615139293484537,0.277039118578649,0.133773354623765,0.603307842554958,0.748368183412786,0.207866665911952,0.433804339618509,-0.151185983434438,0.617285068446327,0.161707710378254
522,0.105973207525406,0.438580400402085,0.825312303387018,0.565713140002214,0.728949529511664,-0.250400137835586,0.0738489215113304,0.271538594704223,0.529750502611817,-0.629885338723713,0.462710429053445,0.790088790407901,0.269947322628932,0.437079229644546,0.32223331013342,0.350958399526438,0.279455229241813,0.199764247360787,0.292382239510309
532,0.444547129954297,-1.07974777744436,-0.651288653318021,0.156346086750869,-0.202805078178079,-0.0351267024195508,-0.918219474394154,-0.866686210354289,0.208849164789038,-0.171053576598629,-0.581422497863449,-0.812579603190816,-0.445959664464697,-0.326088788919985,-0.492736624677528,-0.0969723326392779,-1.7945874979173,0.0857778330710852,-1.84265370644395
533,0.910838738667257,-0.425027984396442,0.659607910716688,0.751885144408858,0.515558602384328,0.0443423574175645,0.651640201673654,0.328786638035922,0.955313227656985,0.234403427449914,0.58117534774365,0.868188956228304,0.588217671046212,0.605365558544779,0.803747034267375,0.246338447421005,-0.384246920637889,1.17764133392082,0.0155388425330677
538,-0.0751390269577675,-1.05590078358294,-0.843517260795567,0.0375148322329898,-0.575276276131332,-0.33010644787455,-1.2190154427901,-0.614966998964681,-0.156218411481423,-0.924656914003643,-1.07039174318167,-0.991886332616443,-0.908606872155066,-1.58645344546459,-1.02037619463316,-0.552781582194583,-0.837204608969439,-0.499226382053367,-1.09025280986066
539,-0.914797382950743,-0.859508516441482,-0.71595109396555,-2.09192825304518,-0.347182885631941,-0.379809355256048,-1.27914630550128,-1.41343900557624,-1.32910095646767,-1.81041925596775,-1.425836160919,-1.00615563053783,-1.3869827463509,-0.815472767972993,-1.41418018706679,0.00635928190748652,-1.11566346784339,-1.3476334501987,-0.503862194395523
541,-0.149208447455103,0.554577535099228,-0.654875616118949,0.165707569384313,-0.789366407934067,-0.382948238408673,-1.79223953189369,1.28221242763052,-0.0504650112032335,0.385233439695155,-1.52253524439194,-0.725613670656944,0.964365025998597,-1.20301751287676,-1.16196271697982,-0.340987651584715,1.1485959276811,0.23717547719493,-2.19778410506086
543,-1.43345547436241,-1.72484398793216,-0.770384843662808,-1.31800448484965,-0.67889137445309,-0.795470329762501,0.330530744263084,-1.74253692835762,-1.15536851606051,-1.06902046024113,0.104182859478192,-0.728980041744989,-1.6963201715055,0.199782469546679,-0.111038448471496,-0.591777396239009,-1.99599768632956,-1.605632225111,-1.00462112442105
546,-1.65909198137169,-2.01813621155517,-0.753709738974617,-1.00993451202959,-0.569436100293161,0.000771100387119656,0.818208368323524,-1.58124448588251,-0.917084749860223,-0.609571890447163,0.311080091289146,-0.717220456165163,-2.20855789869411,-0.656561178127312,-0.0271443662158031,0.0498938325182642,-2.51131582928281,-1.05807163517336,-0.41381095368915
549,-0.626133373878039,-0.323083620898977,2.14139599774272,-0.234089240145012,1.22358448260422,0.107596304061343,1.8466310424536,0.238978693550846,-0.705489221227094,0.996175905992631,1.70231472936605,1.79545311768809,-0.238552942130947,1.96520308803896,1.5009821171246,0.331061407034301,-0.223622843092569,-1.11639453883211,1.9744165122799
550,-1.55148993716182,-1.27023470996129,-1.29942321019039,-1.31406404867675,-1.54923721958077,-0.958047742530022,-1.04237230511712,-1.06002618436968,-1.12894514832146,-0.833189190493263,-1.22191187972468,-1.44528275489195,-0.747857259213492,-1.76940068802032,-1.69843389808836,-0.827082092355998,-1.17374106204601,-1.92371998490703,-3.94951594730868
551,-0.54518933195331,-0.963450568474577,-0.903418876007371,-0.437902201902328,-1.19646544198527,-0.383360701825251,-2.23504948553676,-1.51582653804661,-0.1727288653106,-1.86724244762057,-2.08905638403086,-1.02189761649993,-1.56243281477396,-1.24646278408287,-1.53877056543472,-0.462633770457653,-0.805182063584778,-0.79160932334498,-1.28547633948867
552,0.579205474887326,-0.411154910926473,-1.29382217363526,0.959024728370243,-0.39639768230106,0.132899258376381,-1.02126066885014,0.0205594013789336,0.128445234340385,-1.58715576034678,-0.985971194487647,-1.49698061891894,-0.771583426542007,-0.716626743211485,-1.24993020409327,0.267126639659662,-0.803192505863953,0.203607326493803,-1.17469800863282
554,-0.383883299349808,-0.758156068985616,-1.44623690911882,-0.914486464712599,-0.139240016215953,-0.397737398862068,-2.45036879314137,-0.792852415724019,-0.281481656487299,-2.00670542773675,-1.67826231327139,-1.06565767232185,-0.816363399033199,-1.8446846326373,-1.74941505484467,-0.223765680313686,-0.807209909013038,-0.423973391101786,-1.27211800368829
564,-2.3323219811451,-1.0873874707051,-1.11058809643667,-1.29293476332149,-0.971415597255794,-0.309266104981,-1.42125391416506,-1.10563687192378,-1.19538115957892,-1.88268083674939,-1.11788829211212,-1.10469200760315,-1.28220874863824,-1.42402533241432,-1.56214239526864,-0.398606526472347,-0.320449706048727,-1.79564632517315,-1.4597681543763
567,-0.351540324916434,-0.56793762692988,0.444528638753142,-0.187833596653795,0.151858920842386,-0.0119653956888066,0.475283933070196,-0.355193753003929,-0.513529974704754,-1.00329644465582,0.655982827213369,-0.0652100178856847,0.383424461309739,0.79820104923357,-0.0664196447431456,0.293743183869268,0.0629885945193878,-0.253709719130018,0.301231617078516
568,-1.04236870934017,0.275939368371618,0.737654474285703,-0.407235883804878,0.77884072485042,-0.298898407488713,0.395603390261944,0.19977494674397,-0.235613311822029,1.13878624990394,0.65502359706681,0.870295663994765,0.753570697690181,0.966222977922396,0.514856264316376,0.399496473559622,0.695819848654103,-0.904409330677374,0.025281640665051
573,0.50964528775455,-0.485360681372926,-1.01995954243178,0.0631453607654627,-0.786767183147311,-0.200179412190314,-0.961065514806244,0.0251255556966759,-0.0643263685624769,-0.140674093781479,-0.55730242556027,-0.992579806551988,-0.407542172385129,-0.299378388980841,-0.675727113332334,-0.256140899221893,-1.59602085594809,-0.0591945974979904,0.513135505037517
574,0.0048716901292765,-0.33218776189011,-0.512799653334363,-0.456826825410901,0.39253493259692,0.364002407632372,-0.564331475071809,-0.0602861682750293,-0.338246625371556,-1.02800149331007,-1.23962994326761,-0.331700490471109,-0.38521653218855,-1.20976415425546,-1.16171830496575,0.109683139230865,-0.397160644204115,0.220583561232568,-1.54893822030112
575,-0.337633280707775,-0.962951261156535,0.43684721422883,0.109840458129511,0.239170870284525,0.366524380403841,0.750774518539789,-0.420921225236129,0.0891615633608343,-0.702808792174266,0.428191117388792,0.173099209322969,-0.352212178534669,1.51461829608033,0.218402589501246,-0.155857656780132,-1.6474218709491,-0.180595676143124,-1.10188712715011
577,0.231673290759912,-0.377900486077816,0.643620989334823,-0.633587465209347,0.695562566529863,0.186893386527339,-0.337842702012289,-0.122180848579583,-0.659229828757624,-0.799813280785412,-0.195605562989752,0.875947737141329,-0.440805621299341,0.269189004417502,-0.305535672099655,0.083899080352843,-0.308019712034745,0.181860723617942,-1.01429870520695
580,-0.81325183924451,-0.88641008478312,-0.352992985379269,-0.774020394281164,-0.0717513637514699,-0.335558299418877,-0.570916626040991,-0.437755232955232,-0.71685603132379,0.656932070398274,0.236575564317895,-0.298767019806176,-0.731797736251129,-0.0824386134892392,0.359900729567584,-0.047246802486895,-1.89682004937067,-0.807736355024406,0.762853683334693
591,-0.141400353113495,0.173051433722301,0.382150842280516,-0.476419612891907,0.601497958341859,0.0761969019533364,0.608499675445676,-1.1714896925819,-0.401552973846322,-0.677396482268736,0.679388139993096,0.632286828329979,-0.381891642993733,0.616700489699005,0.649556065411719,0.0874804190226627,-0.236042486284405,-1.14963310261347,0.610941531687095
593,-2.82512090325727,-3.00459980796229,-0.411926060795675,-1.78859375202064,-0.85778947033469,-1.66178478402623,-1.17348656417036,-1.81747816945947,-2.20022752533718,-1.15782764007538,-0.93277082189069,-0.382889837881245,-2.82356341015241,-0.616130723011536,-0.338882322867787,-1.02683231256146,-3.09539778911616,-2.58574470637241,-0.624054392534571
596,1.89744551720365,-0.196000793173143,-0.57501991222331,1.0109116667632,0.3056631788668,0.875593010227787,-1.61686059943596,0.583159699167757,0.890205237483751,0.62595379714588,-1.41648703972958,-0.293941877052411,0.0790124321350059,-0.414194475458505,-0.818452936441059,0.696903723766252,-0.19330944086699,1.49262191729454,-0.724389152870647
597,1.04013011508406,-0.226954818868765,-0.141676305689805,0.747139564990643,-0.0542411459209879,-0.340653499621662,-0.565676630413956,-0.197810222338511,0.549151747019841,0.658960115970175,-0.680063535999102,-0.160931109867714,-0.17602546983924,-0.311243021061913,-0.682571323761254,0.31803140375546,0.201106915056125,0.488018351016971,-1.16072658081645
598,-1.59521027077935,0.227031634800061,0.369307952595474,-1.31944293292859,0.358208383510002,0.601466520663886,0.336991402957538,-0.886362597255872,-0.729247281992983,1.17934508892943,0.431667610429114,0.397704916988579,-0.26783964748898,0.6917891945303,1.07640616694439,0.136952933405622,0.609318182936031,-1.53749236357506,0.472550499330112
600,-0.089304037704755,-0.888074956225197,0.345459430944026,-0.0962674864547284,0.343004615590904,-0.478763734354574,-0.599298171071969,-1.03066635054909,0.192918437766492,-1.34274937705589,0.33541392981986,0.354783678911718,-1.06503890775165,0.264960916814407,0.61314247170178,-0.00869009742068638,-0.927201190263917,0.0180387699872792,0.125787327832751
602,-1.30035604525085,-1.33956287241495,-0.242505126708926,-1.00045130525916,-0.499500789103126,-0.408483674774156,0.431263706956428,-1.07305593564112,-1.07319089647696,0.603004436038179,0.114223874128496,0.235184786235434,-0.982024095958994,0.532077222317954,0.123959029431097,-0.562932450306571,-0.936841355725577,-1.0788823742342,0.44645359270406
605,0.750080221455674,0.197670633622297,-1.02369087282982,1.1835253295984,-0.513801990854485,0.276915749797223,-1.18326423356684,1.69780826238819,0.582619578189548,0.438557648376988,-1.25773679752782,-0.701468854490103,0.718775661082378,-1.40053217933844,-1.01476281547877,0.0921401336230519,-0.282441422333041,0.915823442006416,-1.38781232372296
606,-0.390300865507128,-2.17792694188487,-1.55357122791946,-1.00944491812609,-1.00676897279155,-0.80141067838128,-0.281619595244097,-1.4208563051961,-1.44131238522164,-1.16281523253313,-0.377219479954711,-1.1015932417434,-2.1224991485136,-1.54274395471848,-0.615833454373212,-0.882163691374695,-1.81920057048636,-0.520795652862255,0.328128700807028
607,-0.4801912213788,-1.24051635999645,-0.39545501956441,-1.35729376980161,-0.654147863758716,-0.211228142154991,0.640628773672467,-1.29864401160401,-0.530561175235394,-1.4289275132234,0.355267717308009,-0.635983200295614,-1.37710623305568,-0.151755051826526,-0.00548315630209983,0.0628207430043016,-1.46560538449316,-0.105934413174763,-0.640262595320149
610,-0.488836844640703,-0.084902089137269,-1.2011085384897,0.367567562787907,-0.896735120014819,-0.413367965019844,-1.73858761456879,0.960301493991152,-0.58591383118823,-0.212732524748227,-1.2732238576254,-1.3432438694608,0.640636268165327,-0.361799430954674,-1.10065398032768,-0.0159817474692864,-0.588137249492082,-0.621361907978363,-2.32679228147502
614,-1.66885936838872,-1.75776560318916,0.417737633712736,-1.01200789635976,0.159437348852842,0.610286617777406,-0.134341034490088,-0.149808701189016,-1.25975650316525,-1.09399500241687,-0.296943218287957,0.639683714482128,-1.12624630959855,0.236670790165204,0.168324618270359,0.185410294210573,-2.86453213930251,-1.39008830066865,-0.98999481698511
616,-3.00930942076386,-1.71672655165481,0.105206633791755,-1.78795591300593,0.0849744755507956,-0.604571853539083,-0.243797709531506,-1.69928552198041,-1.78580095461332,-0.18956031329404,-0.545011732880346,-0.373006797786513,-1.0452573579327,-0.394758109723752,-0.418636829691194,-0.611783473463903,-1.25162515503712,-2.5600902470351,-1.01538180304608
618,-2.30508699179427,-2.93418958858302,-0.690959390620197,-2.05198367036481,0.155126148277305,-0.159096927613277,-0.491345438218673,-2.99474719490982,-1.67024350483414,-0.490651451356855,-0.2863726163663,0.0835853040724923,-2.21993269630149,-0.44966894942475,0.0569491004211811,0.00973836868849695,-2.45168013663939,-2.17594198797261,-0.908988414792589
619,-0.608775925423572,0.23823857502867,0.204912653099276,0.474815200858942,0.289735814057299,-0.505522512823366,1.05731999578219,-0.474204146546997,0.215372404127768,0.683107744265256,0.934488605508664,0.729541595180284,-0.427035031838986,1.03968794530539,1.06467330284931,-0.0630483789205759,0.632276940173425,-0.330901725859198,0.184993452297773
624,0.074785096251332,-0.657623536912942,-0.362626989197748,-0.436015045944766,-0.535664014021612,-0.749487396781173,-0.505698067022931,0.027058704637617,-0.395799580599702,-1.23624283931089,-0.963447027019298,-0.316284161258595,0.000912298693649162,-0.938974341319825,-0.529850961688638,-0.109156554687633,-1.63664444460504,0.0419623120988612,-0.940073670710851
626,0.464428913819072,1.25655048580972,0.0294001777213415,0.574327242705393,-0.838453069254027,0.0127691918162873,-1.01421501570044,-0.520358816147892,1.0202880165319,-0.574136047728099,-0.335156124395739,-0.37693867111251,0.0845361179875869,-0.522638537120357,-0.0408488208304376,-0.0160287267737212,0.496089047497357,0.799364051841552,0.341891388703112
628,-0.23943025279511,0.427565352338185,0.594615677844928,0.918979100845396,0.475778902056237,0.711559134130031,-0.000672215794950972,1.62836522202654,0.768158950427139,1.02104996993564,0.155255745804763,0.736793074763278,1.24722707730668,0.000538690256573956,0.318575056438656,0.859758849990112,0.107110330477474,0.482130939201321,1.06020792910351
630,-1.38572651117877,-0.660053687042942,0.693104459205495,-0.62908761204117,-0.421237392577746,-0.58181425607625,0.174641199330807,-0.268446254737266,-0.624519603823279,0.138401384381178,0.892530912964901,0.347343992269066,-1.33365379803887,0.557998202224714,0.524088843454584,-0.250026011079006,-0.141620807664305,-1.26036373775725,-0.300300673609273
634,-0.660088394454531,-1.1238958701359,-0.00560574697376373,-0.666937691015619,0.00299272530941209,0.243141304585834,-0.103262139913835,-1.21597160215669,-0.641789863888809,-0.611814691361441,0.384706690849886,0.425717658712506,-1.22376617295062,0.378548300547757,0.0543623862241744,-0.11073577707592,-1.34323129652643,-0.510873727603075,0.929215509156263
636,0.162735357934178,0.128398633082732,0.272839997176155,0.075737513017413,-0.0284105432135825,0.164749824189079,-0.90283449848487,1.06916009506311,0.051235703880257,-0.22516626762064,-0.580467671716867,0.0566564280009464,-0.0250883082566507,-0.409474155791353,-0.546392521611647,0.0227192910695003,0.20607060924919,-0.37963500550977,-0.912801994606387
639,-1.94987396642687,-1.85401855843005,-1.93972711639976,-2.23348148963044,-1.40223492090281,-1.27269357946547,-1.7066627808398,-2.85958687655289,-1.61758710222897,-2.13147149578753,-1.89404205157571,-2.05095950463682,-2.04028319823234,-1.88236798443525,-1.98592262836529,-0.622064350632431,-1.75166811977533,-2.79959180162028,-1.7188754684174
641,-0.571375208526625,-0.33108847184554,-0.35011619279984,-0.655658672332136,-0.272897267732074,-0.770644828691045,-0.590862412227277,-1.45958757139116,-0.50651657608139,-0.901982298241179,-0.401700122020126,-0.124268515016381,-0.404555805558784,0.0384826180943944,-0.474458613760662,-0.318301355778538,-0.49296962929166,-0.366422115111609,-0.234598006457375
643,1.58712761525239,1.23065767825134,-0.436908348036094,1.23291495870955,0.871905550774294,0.867074239820396,-0.0707768843947023,0.743435426981676,1.20091685787889,0.819800569128878,-0.0266283092547027,-0.730804272915188,0.71101939173867,0.742910283896998,-1.13593138124754,0.432376602922876,0.595598719476049,1.16396230315566,0.391407855018555
644,-1.46458518155875,-0.846721510983148,-0.85484644996721,-1.00425895902184,-0.846664217004744,-0.788193548093794,-1.75426945469078,-1.22209493793597,-0.856038440545292,-0.666942193732452,-1.12258501748874,-0.890363722021009,-0.767744025046775,-1.12245113609913,-0.138609174617603,-0.435632165381624,-1.52444379403063,-0.942626585162543,-1.43022045668311
645,1.21835187119239,0.49854320761636,0.65359576042333,0.964016360883363,0.238715673598745,0.719846466541395,0.598623600373608,0.0551823246209231,0.690178593434429,0.616218562196737,0.500762057716349,0.423566829657195,0.667906260346009,0.92001760030733,0.643777066876221,-0.0629443179602131,0.688060883847599,0.71486413938199,1.05791314349035
646,-0.812325573383498,-0.263390156819845,-0.0134497793789559,-0.0977190720176743,-0.076386593785008,0.424070151640028,0.347163993434741,0.361516366388213,0.216421432170474,-0.178691804339878,0.974259106943199,-0.0971565952058082,0.0866164149360908,0.0184764120943361,-0.520653156515842,0.357736704975007,-0.56017026216776,-0.144997863755636,0.0440498839505324
648,-1.64162680793207,-0.672722628595741,0.555670735121402,-1.28772143804303,-0.0625299423326562,-1.30927535655521,-0.163195750615129,-2.03381479011639,-1.44784856536754,-1.35423777366261,-1.29540527463338,0.274358415773841,-0.696638378985477,-0.452751709225796,0.148709845094729,-0.00777854805175143,-0.756926758491411,-1.2598128729328,-0.699699374006791
649,-1.26482215588456,-1.02860057816636,-2.28627434229786,-1.23261173209105,-1.5840174178756,-1.79658668485795,-1.36949090611745,-1.50594099690606,-0.980539491242065,-1.09429026966334,-0.899976941454982,-2.19279470541793,-1.47103205908526,-1.27892466137825,-1.59112955954888,-0.670409773724713,-2.13928165277058,-0.863938511514239,-1.44522152599293
651,0.222350174832041,-0.281392808414449,0.171596966621855,-0.121400963854889,-0.531904191635375,-0.240398837724468,-0.842474711369258,0.06441397322746,-0.219352481554212,-0.0298953799516894,0.0632599758759184,0.257064110025486,-0.249142124603528,0.260447349029273,-0.386365536068292,0.455155916680843,0.208422292536237,-0.592229458018013,-0.129144321676488
652,-0.506311384190301,-0.159365583346005,-1.42156711566615,0.212666941231689,-0.595461125329307,0.4672955715085,-0.283801091176324,0.134153399847379,0.0880764246828522,-0.0232543271684274,-0.18417705453447,-1.73408467447508,-0.754509155107387,-0.846581077734434,-1.77957042417406,0.297316568237828,0.0289167675241277,0.671823857287977,-1.18929490900156
653,-0.639209421933513,-0.0141068359642432,0.855868158485575,-0.342355076486108,0.0197671386494747,-0.618530250521685,-0.0277060135637232,-0.461777931855273,0.348074675396182,-0.348335881122319,-1.79536779289519,0.757948919341487,0.227583662278011,-0.0380310062478277,0.510999345877103,0.0162631984372416,-0.321854748221222,-0.101533583594844,0.336169874179152
656,-0.64796206337096,-2.12305525368049,-1.08893708372152,-1.08189417538725,-1.43450056029458,-1.56144420903908,-1.00396814223831,-1.7177596612266,-1.80967362081589,-0.974027076738811,-1.75092951051586,-0.785936832017003,-1.88954116300558,-1.76446266486674,-0.67716869186642,-0.96841671778767,-2.41401313321976,-0.978402107021684,-1.91483958031554
659,0.0141923864816815,0.34873130996127,-0.431903335171356,-0.0206223062722108,0.608618148856986,0.517410857113768,0.796057919475035,-0.351120344613041,0.590045670887867,-0.00338082428650183,0.46190832449413,-0.609201203187756,0.252668356364934,0.105871182107701,-0.555379267036043,0.149176032972813,0.449012332968056,-0.130808025009109,0.0280483287409871
660,-0.344909380469129,-0.608823526981591,-1.05968552251602,-0.515103736886211,-0.845939505037272,-0.53927550420991,-0.791120831537518,-0.397503839498046,-0.72439517989775,-0.512549285803007,-1.34584327502737,-1.99456712558154,-0.596399847956732,-0.517102608943441,-1.62557725698515,-0.252817717352272,-0.016851078985546,-0.580201530024034,-0.249199339900788
662,-1.49447769592283,-1.24050194495901,-1.14456801679995,-0.921092690869079,-1.52734925210632,-1.36697329006707,-2.17058859152265,-1.04958443240524,-0.853589879036032,-1.12978423896588,-1.68237872031536,-0.672861838277901,-1.24228959831151,-1.45701258857054,-1.31982069861081,-0.0165644427093327,-1.75522678364656,-1.61055380034029,-1.7236317904844
664,-2.09384572852914,-1.90112149206887,-1.85526117794087,-2.10279788938728,-1.93770151431274,-1.78491868143636,-1.47380292030059,-2.69770372845716,-1.79084593695364,-2.17143474635361,-2.33170571194071,-1.99856769622807,-2.02985557871111,-2.25299841640592,-1.64532951656282,-0.543940543204185,-2.30193663051137,-2.48269421169477,-1.7381110715883
669,-1.74795175593454,-0.241257554887925,-2.04121545689134,-1.34315319426618,-1.22349660971417,-1.26975474458521,-0.580615341224079,-2.39077754029899,-1.05343410155112,-1.59024967583907,-1.46393195350598,-2.12601901507782,-0.50755704496067,-1.11388128108159,-1.12178579032218,-0.840082354347751,-0.697859019842108,-1.18547546734853,-1.22313578221219
670,0.393951059816901,0.321921736375278,-0.474720160751945,0.494883557904479,-0.158861494574547,0.0807375002152566,0.123046916615766,0.479548393805028,-0.0157265345972948,0.239037320750728,0.154435174807972,-0.701465247900018,-0.0094964108671053,-0.177859534001372,-1.21091602085972,0.0363943750631848,1.13613198518961,1.00725266266619,-0.404132732841734
672,0.237833606947008,-0.699509612471529,0.0380649164663917,0.0873802163612823,0.510829112463985,-0.711177164641436,0.996262001714242,-0.00659705191383732,-0.311645246323571,0.137846329622267,-0.193460833412521,0.576257165875707,-0.367478248802839,-0.0577949141439565,1.47478985453503,0.310535749437898,-1.97789822365884,0.484533611052776,-0.245055304191101
673,-0.569626953515531,-0.61594113550096,-0.407316842591853,-0.318993661187655,0.392164201290097,-0.527493826723242,0.167993071530687,-0.879993751253536,-0.680633211145475,-0.25898479095416,-0.248579332879557,-0.803411259460107,-0.371896689710351,-0.929197015276266,-1.08527158916764,0.21175746441237,-1.52410926316732,-0.749964958147778,-1.21299518346326
681,-0.408557728780067,-0.208603194153564,-0.717480355284846,-0.527429203315421,-0.449466166801476,-1.06601451847084,0.58825952635485,0.00259480256162454,-0.307049362253792,-0.576116941687051,0.731472977410881,-0.272073459324005,-0.267307419323769,0.171450780260305,-0.360260216872482,0.28839508671078,-0.454111162125017,0.289256760376632,-0.190641181936463
683,-0.904162538358314,-0.217907114961176,-0.827470700908712,-1.00866795185215,-0.888461079415915,-0.566112141731921,-0.241243186389147,-1.20158538139209,-0.462140368713432,-0.885390777792747,0.178299803916457,-1.11904124902824,-0.0617603732119203,-0.316750135120631,-1.0181707897099,-0.724818851252034,-0.0439595451160549,-0.877425175625774,-0.616648514623347
684,1.44143384319619,1.4282333466172,0.857104281946295,1.77496632255084,0.891152726380658,0.820155498040843,0.841831577023633,1.3437470417205,1.15456231580389,1.60903749109431,1.48760746552317,0.463277516021581,1.15424903670036,1.56065140200869,0.887675231594943,0.376540815900865,1.0038558638631,1.07942038818134,1.52434912787076
686,0.966666216259883,1.11905316489126,0.634261062627658,0.773649572158905,0.375479194237646,0.88160310131707,0.545768179572613,1.05434875325496,0.901197311347097,0.592103292763837,0.747394114257251,0.430137779427451,1.23253197353119,1.29941857978367,0.784498861441137,0.70240592132105,0.508513251855405,0.292641207683254,1.1341427221998
687,0.758717528281001,0.0225929178752864,0.355083439723236,0.785998585130747,0.425619592090152,0.226960192919448,-0.902995807902352,0.71868468798913,0.436797722203483,0.683449687125819,-1.32240901708687,0.630022095130907,0.377518561131151,0.303199123217172,0.426705241997179,0.270939143079303,0.699896620021013,0.788191458363577,0.102898223070285
689,-1.5312475433988,-2.41872829901703,-2.00873513053479,-1.26679513296625,-0.992278817744762,-1.6533165977526,-1.84337952439733,-1.30028409768558,-1.64804911377205,-1.49573177459913,-2.05781284971179,-2.40182470854718,-2.23888447931156,-2.43308570571641,-2.08357069022678,-1.05489204244903,-2.31314970756771,-1.55145085733089,-2.07479950478314
690,-2.32990197642809,-1.50978278894091,-1.17252406718831,-1.56397354764915,-1.31266550928941,-1.6195955564298,-1.28309157382003,-1.27898891009588,-1.07064239238257,-1.47005786586945,-2.10338683906604,-1.45558373435163,-2.0230626891377,-1.77748987268838,-1.47901332647215,-0.405268062904814,-1.4769127187026,-1.8197105518518,-1.79929640214229
697,-1.00363087157796,-0.945902689817161,-0.466393157626058,-0.917517560659046,-0.513249774036636,-0.195745643757234,-1.56470868257828,-1.25807994893362,-0.870109603303892,-1.00526304368086,-1.0821120561801,-0.887902947461952,-0.440386537472704,-0.975309762062665,-1.05050377633609,0.162584112978161,-0.945359299629882,-0.713333755860881,-1.10985457227484
698,0.386499834862771,0.0772663530042145,1.05252725440901,-0.222457195272239,0.555766060911766,0.170363704387634,0.472975800497947,0.151259570234507,0.0291438082330745,-0.555889802278044,0.576438415623092,0.695934788569704,-0.0848652866430115,0.460218908694126,0.376898464584568,0.0337643632305966,-0.165284416091082,-0.0618142053867407,1.01401984243439
707,0.446112367363716,0.163462612028925,0.0606039773960235,0.606207013776028,0.174874171841772,0.0923768410628506,-0.584032903396681,1.03575171673408,0.474738228459912,0.264532813743697,-0.572821011069295,-0.0512981105271043,-0.305812562048635,-0.182414873938709,-0.16236474380895,-0.166903274504657,0.0900116794544419,0.0862538949980686,0.0692013363047964
709,-0.586114270573954,-0.0135648335819067,0.194964708770971,-0.500159751596938,0.187252126166686,0.174176378268332,0.423155140550779,-0.458056410516902,0.10467279376962,-0.665310137603346,0.30847669361754,-0.382497263420046,0.0778499618366155,0.781659335228512,-0.898485008338007,-0.150779967612859,-0.442701541571564,-0.557593499111088,0.936294040010618
711,0.257831289924584,0.0329207980409142,0.447038088946139,0.0334699538537807,0.669562667581056,-1.31085213557702,-0.0473377942010624,-0.0571479135786999,-1.03412171510789,0.1915232041099,-0.331539858830713,0.601665863090543,0.23170136828822,-0.394121940799483,0.876207302502028,0.0343441659279025,0.164282164754521,0.505853484230269,-0.458521927309446
713,-0.843923140309264,-0.27143248516798,-0.0839546604779819,-0.54407667550267,-0.210414084141366,-0.19959039577508,-1.09634210640044,-1.56698218190251,-0.350168934831865,-0.449367244631156,-1.05711160470183,-0.164198513128721,-0.344704038118814,-0.295016192720779,0.347418374217789,-0.331416075263287,-0.423729847836275,-0.353681374693291,-0.384851639930729
716,-0.612913691219406,-1.17877061507863,-1.03521381037164,-0.461622057614026,-0.698239372151028,-1.57949349066182,-0.876091091003139,-1.35867241165888,-1.23734623109787,-0.66376408698527,-0.862169988757237,-1.16163218868021,-0.858627008050211,-1.25221563921837,-1.37990374647723,-0.1012304225233,-1.21118688839299,-0.445909210617947,-1.24023663379892
719,-0.90932178982545,-0.0512271071707352,-0.656686475197664,-1.05697100787842,-0.811978202682167,-0.231048490604383,-1.38544978811313,-0.7003953741899,-0.46547792239089,-1.02865892851763,-1.53408142139422,-0.926963613745178,-0.314935207802366,-0.658720738908431,-1.0456666236457,-0.0683920484568978,0.0248164453580786,-1.43335641176604,-0.482581385146575
721,-1.69106449365488,-1.24728200221061,-1.50133808761589,-1.28862414120276,-1.28687850739257,-1.58705979186171,-1.58995671849852,-1.69521218703385,-1.62988569675961,-1.30590428780009,-1.15013956322819,-1.83516507585578,-1.07956906608179,-0.985370443422887,-1.74344328913952,-0.676342072063045,-1.4122356085062,-1.49708355136578,-1.57491353284287
722,0.379175183436468,0.700563951480089,1.10258788854697,1.01324347585744,1.24438428593413,0.777576540659393,2.40185825614706,1.48577648557643,1.23360318502884,1.00397604329619,1.69924185853593,0.635263318987641,0.974924375600236,1.21730613779318,0.330313264200841,0.542258280474593,1.06682704048377,0.92268920267468,1.50918451737873
723,-1.63851547442833,-1.39055414735286,-1.12065417565585,-1.15836162142502,-0.937340772652172,-1.62228451806083,-0.989174478157402,-1.61620366910762,-1.38129089065874,-1.06715031014797,-1.06696926141086,-1.49014379488876,-1.34769583941953,-1.42499432889489,-1.74241392703948,-0.396338257410686,-2.07455518280184,-2.04915912369574,-1.47414350387189
725,-1.32748068959469,-1.46354874391564,-2.06006374568118,-1.28251212289469,-1.14734962335716,-0.605039280437334,-1.54324074137527,-1.18507622848883,-1.21690316319937,-1.38400735316938,-1.56970408160053,-2.30183786623382,-1.79202357887521,-1.74158111830314,-2.41969222370017,-0.543430896795435,-2.2500434780671,-1.64152630105543,-1.64890030175679
726,-0.317647127584545,-0.537407102339716,0.268954478704248,-0.432852534995307,-0.444143371477561,-1.54575534722274,0.119514628256938,-0.888842461780569,-0.932168835349657,-0.205180646830436,-0.573450923479724,0.45555860449925,-0.116918138896881,-0.0207429599395952,1.2674510361427,-0.232192582027207,-1.17181129574425,-0.621415333821812,-0.404022399985116
727,1.08830189351895,1.02861649641662,0.591495241892699,0.929622027810332,0.940836288741921,0.44899257754711,0.47692818163949,1.35262086373694,0.474614638725807,1.20770351710055,-0.00753107896944944,0.775071994411038,0.478897014951954,0.373943292484473,0.999599179426456,0.767724300069033,0.0180715231533314,1.16238694941382,0.378260118887755
729,-1.22879303365809,-1.08848378770638,-0.755045248468853,-1.11509349897786,-0.322812471958695,-1.24348615181096,-1.18046351402476,-1.35123472339219,-1.14325304606562,-1.26539859861751,-1.36452049701952,-1.49590429428949,-1.1155918613992,-0.810008729480908,-1.00591978445366,-0.212542877760637,-2.0078027050895,-1.01187007714147,-1.21021486435972
731,-0.612839586950126,-1.47478377912066,-1.66573595073562,-0.545239129565957,-1.30073070675085,-1.73638812718181,-1.35803310420593,-0.221669649853206,-1.44005589080645,-0.571492397329658,-1.76948422629254,-2.01908070814422,-2.13186322098398,-2.40052019066615,-1.58012052413157,-0.46678731912015,-1.1163113753399,-0.0116314029723837,-1.92728843369316
735,-1.38001168081986,-1.24467446748781,-1.45196306161474,-1.64489315619068,-1.35050294388583,-1.45375746510254,-1.82118760274701,-2.31953710392289,-1.56214544183679,-1.79902158258271,-1.37534619427717,-1.20521908654646,-1.18825496528032,-1.58183151302499,-1.01206150053393,-0.333007940841453,-1.09148275531502,-1.20774626310137,-1.11372274914911
736,0.827414247465307,0.691517953175053,1.60067854292552,0.676776710632155,0.790785814483934,0.775480666948068,-0.0227589233230649,1.23889361405726,0.753645106696825,0.710836691039241,1.11138557054101,1.87281039554771,1.34694362149678,1.46146308616296,1.65231616560556,0.720381431544655,0.226535239248131,0.670295910732761,1.12667037740336
737,0.776259506645002,-0.532864265021017,0.566166860844087,1.20384276243887,0.426373488086205,0.898896325143827,1.24633548843795,1.4644346254249,0.0273399771780211,1.23374927973178,1.03269519953441,0.421819370242316,-0.338808147114091,-0.344916333915917,0.397356920078039,0.15425884963666,-1.00979088175379,1.79779783987542,-0.198487360211507
741,0.666860258068878,-0.107571899982167,-0.338623644443658,0.539374672517091,0.261396200391263,-0.0711419744665291,0.184587350166698,-0.177143762294909,0.019649815202545,0.422254364547669,0.8091211628207,-0.402920318052566,-0.368780059314652,-0.336468976616373,-0.850165087593956,0.335272330369418,0.0552253377752566,0.503684053226575,-0.29306830863213
742,0.523407463994421,0.659927037934498,-0.188367877249149,0.457119556124071,-0.480010275069164,0.254689517452943,-1.53125309019145,0.531668904334734,0.548077108934342,0.425708122993297,-0.830371604589855,0.382046834827741,0.751552412180955,0.342959433141251,0.577114929666632,0.531186207611076,0.96760159567673,0.777117182787727,0.177566844469299
743,-2.14680309978253,-2.15829264396572,-2.66778831370466,-2.16869302041077,-2.37883852660884,-1.33608802962925,-2.93196392948625,-2.50979919053696,-1.88031606612792,-2.2576932661145,-2.34507761245275,-2.40425606713732,-2.36548570685605,-2.82257529286908,-1.99124012028934,-1.42988696200141,-2.36986833796459,-1.61622875284609,-2.95475950977254
747,-1.4397775328871,-0.254022232514832,-0.673893609929949,-1.17906951594376,-0.88159435768752,-0.129131041083833,-1.40176326123262,-1.65931641823642,-0.425823176181586,-1.23330603769119,-0.75789003230533,-0.401676570219077,-0.26115554428452,-0.29977073641168,-0.0535131108769076,-0.1561954742525,0.265913816137381,-1.85663234858149,-0.361231135852548
753,-1.32899458660182,-2.06038963297542,-2.37403493951368,-1.36289061096133,-1.41657117052291,-1.20009827632442,-1.44595519062265,-1.56319695854443,-1.53206498693187,-1.3158443910898,-1.88759287510171,-2.92679228588628,-2.39682811022783,-2.6649631263912,-3.13067418905004,-0.652564504581135,-2.76204964775704,-1.92746557163006,-2.80944947384178
754,-0.929010706350748,-0.280566159557435,-0.480404768905416,-0.0874945356485742,0.148209333956514,-0.177483014459014,0.399235370391397,0.140478768283948,-0.256814360461939,-0.325120646595105,0.749062932963293,-0.623601090714941,-0.369203010227061,-0.18846203487942,-0.318513321461342,-0.0117036643483033,-0.0269040177212789,-0.500071146640807,-0.441596998236713
759,0.113567666985858,-0.496392938181391,-1.16587896227103,-0.0479182544609257,-1.05552977116981,-1.19344577266451,-1.3187024960074,-0.163555492602628,-0.486763815659836,-0.403483981156637,-1.66320103100681,-2.00152682470026,-1.05510220472655,-1.27922812098469,-1.94975666912643,0.0314971414515856,-0.320575039680019,-0.625571000733683,-1.12935236438148
760,-0.393301576819351,0.0507341428516044,-0.443737456409427,-0.383734551459098,-0.734086668155605,-0.584405973835317,-1.01910147781758,-0.984889799002506,-0.416467277744702,-0.349446381447451,-0.687980955496347,-0.415432675159707,-0.269229324062506,-0.109665745098229,-0.252663613655191,-0.184539455891861,-0.739233750057038,-0.166756820829113,-0.777895966993937
761,-0.871444079920306,-0.746341637103116,-0.18122133796457,-0.961505155795794,-0.103063241026315,-0.829334615029001,-1.4299765187012,-2.10926979173733,-0.780078383061253,-0.808439805412518,-1.47773466273564,-0.472743660909849,-0.386245459682391,-0.586080283729984,-0.326016351638181,-0.307624943026196,-0.44325579614157,-0.158937795047892,-0.664213810155312
763,0.812268126834421,0.206741640516869,-0.321636328192225,0.355523859575934,0.108268086512331,0.237878132467021,-0.0155565424050105,1.02745044160736,0.431010194772467,0.205397107788462,-0.229123424248936,-0.390684987554765,-0.0677501663818175,-0.0815929440612709,-1.00665153532385,-0.0107756107205058,0.768247669229187,-0.171787141353449,-0.5692960968259
764,0.46325031972064,-0.991753879546152,0.0598115898195645,-0.0620075403045647,0.829257120449097,-0.39252306813074,0.215876662782013,0.745641659937976,-0.588434712564846,0.000377429861420593,-1.05505101223059,-0.0704891193468673,-0.531587023524445,-0.139300974810834,0.484811924543526,-0.159071596299143,-1.50861259411151,0.370641339627975,-0.136873777315998
766,-1.08080832508847,-0.376171626412497,-0.868906318646748,-0.7352630351722,-0.554609310909787,-0.633917096293761,-0.252498634017024,-1.04955457339684,-0.583879297937307,-0.653983919702692,-0.32615521988392,-0.995998365216246,-0.108754208757116,-0.0688262803423261,-1.04979210703532,-0.485028875090742,-0.0720943089129179,-0.548903141740318,-0.0596221408767483
767,-0.344186194792363,-0.410175319665512,-0.571336306387541,-0.966228569674541,-0.695421094567968,-0.441757846443016,-0.41496261985962,-1.40009499212184,-0.403466855774408,-1.19727305486907,-0.228128853145611,-1.37508626249395,-0.390101066036268,-0.604535643975547,-1.4150945319762,-1.15652859445241,-0.74542586360639,-0.324702533594509,-0.921217444487089
769,-0.0432380729756738,0.556920846752944,-0.182710946180807,-0.200658632387844,-0.00206787902509795,0.159756506676059,0.0630027994295913,0.355713265408997,0.197316399902495,-0.229306905924613,0.864022853547472,-0.23450796734778,0.766473501636132,0.892675615427975,-0.360229129929649,0.0338910938138652,0.115017571787764,-0.510951128583286,1.07934795518202
770,-0.516317618166179,0.19227750399501,0.181299388991732,-0.589045073257774,-0.369482911605231,-0.515052633685921,-0.728133003314549,-1.10703934822042,-0.143687628580375,-0.80062857043087,-0.217419928971282,0.695634550664224,-0.148680581030819,-0.24971182412113,0.0460485327646812,-0.160940555318396,-1.06250193396878,-0.736773647326222,0.225676471375107
772,-0.144635880266355,-0.290769745246315,-0.787895303050891,0.527585133453078,-0.0512926343800592,0.00815893368821155,0.141390035811868,0.237277649124422,-0.0217217380868135,0.478429665003119,-0.612726514304371,-1.25240501252045,-0.5774350276991,-0.513404306339548,-1.18034458379462,0.130836893401892,0.493077058903752,0.338616237931321,-0.483111087162828
775,-0.197070122240187,-1.03676469098028,-0.969421882046503,-0.437243097082987,-0.911916036933109,-0.555603318559511,-2.2884805814851,-0.755106843784349,-1.21079615919744,-0.556070282827849,-1.37331972230266,-1.09634992498852,-1.64752485875708,-1.69821009769687,-0.696376835065876,-0.140614665867474,-1.31595627186415,-1.13482813631429,-1.25096606169836
776,0.363243884939363,0.298499713867305,0.397394481876075,0.223341564496427,-0.0997091488008494,0.432548589470272,0.73398889333204,-0.515831585517079,0.227390598098779,0.00604091660020897,1.15591394771282,0.66127169121394,0.217319895696367,-0.144614728512,0.802302868556814,0.364594201668003,0.111236438990967,-0.485544548083012,0.557470968152683
778,-1.15843758056321,-0.840916822171923,-0.426484113472434,-0.553917824551303,-1.05247142433492,-0.455337368755432,-1.384031414226,-1.22307287021638,-0.696600318630188,-0.798999794666006,-0.741745227813565,-0.0861847948556484,-0.631208445039463,-0.266041249129342,0.641904947467902,-0.0936807316667264,-1.43702318112562,-0.280469058033737,-0.164773911374945
781,-1.63893405077098,-1.20790110547742,-1.38876494549149,-1.21218779298989,-1.13787085064452,-0.794173572665748,-1.49570762597878,-1.61544517513675,-0.921408154866063,-1.21642768973683,-1.99461428084107,-1.69475190750023,-1.05138544115294,-0.967112327084094,-1.67988290609317,-0.695083293758004,-2.58058905990995,-1.09856175347598,-1.00928705377011
785,-0.0149898687595638,0.181536381426605,-0.140535423973905,-0.532015738234606,-0.69884243036702,-0.2927355155427,-1.16743591864207,-0.0583378540673041,0.146085471381017,-0.532793677756518,-1.10065740397928,-0.461145004743283,-0.663878177374325,-1.23256409121132,-0.778906962604104,-0.137753334136168,-0.754032516742492,-0.896659086286862,-1.0751682055933
786,-0.824869322230156,-0.678157350061357,-2.07320873753314,-0.689943137651038,-1.29180679450479,-0.336860785088093,-0.567275207104494,-1.41889515794117,-0.449439650119117,-0.77334700920518,-0.184054892504401,-2.08491951820105,-0.0645924085456241,-0.402338412348261,-1.70067683950685,-0.271821034976963,-0.0224492787254072,-0.886910409721813,-0.485708102852832
787,-1.0520223645961,-1.24449461756443,-1.34069384625612,-1.94732690261524,-0.911556294189765,-1.58001573549033,-1.93301212441842,-3.17903784584008,-1.57576634283602,-1.88395345417325,-1.78475455913739,-1.69356386956584,-1.912226226396,-2.02778027531103,-1.86356331455033,-0.608449429757009,-1.19318627443018,-1.40134368907973,-1.58593547727507
788,-1.21203997574276,0.407980306253663,-0.385204764806032,-0.988009348045519,-0.358842670577656,-0.468867231063596,-0.587316076584944,-0.690273493753514,-0.436371241679661,-0.875910945932336,-0.740778667793893,-0.0841673432818323,0.259773980770609,0.266661297344083,0.67317435985764,-0.0356646215829058,0.0626790894407217,-0.608878910682446,0.424568563562469
792,-0.969551765396053,-1.71676197632126,-1.5175445045644,-1.13396699922715,-1.38052334865235,-1.58704879254987,-2.08692275632999,-1.01486874134583,-1.41732696571981,-1.40299869341856,-2.3971245139361,-1.50892722291931,-2.00959370778137,-1.53624396700544,-1.55198375487938,-0.877562027994061,-1.20043042667868,-0.609272015478678,-1.87649015535067
800,-1.87635222506597,-1.42432403590794,-0.976684166581003,-1.40893716204693,-0.74935498637223,-1.49723880062723,-1.74492968074641,-2.5968107697144,-1.89797577515111,-1.18594593435828,-1.28284807726874,-1.52049654799713,-0.938929941539898,-1.01882718613609,-1.44240280904837,-0.487148088752129,-1.69501583707227,-1.36392600905125,-1.24496906888249
804,-1.71420549122671,-1.98615027179981,-1.50878448984793,-1.57816328681259,-0.834590180456406,-2.50135294723545,-1.13094002321088,-2.25282560049389,-2.18175394401476,-1.39468139955701,-1.36793867179659,-1.45093445241083,-1.42094076189916,-1.01224982481416,-1.12272767059549,-0.350345646603005,-2.49779328059297,-1.74208677274039,-1.84751873612796
805,0.0721895054091824,0.0588358683874549,0.63149591240011,0.10798108954726,-0.144418853757899,-0.463896613629742,0.275801580071914,0.639715015635942,-0.00712792616337813,0.0675226908354719,-0.0640272850455613,0.937757978928214,0.363008661165093,0.889411182498101,0.96990765133446,0.452046654546003,-0.143586946148124,-0.930978992546726,0.773966945310564
808,-1.75087958809667,-1.05709454768751,-1.21009323087966,-1.16850658220127,-1.58452004839846,-0.944857355660718,-1.28836004433838,-1.48454720388255,-0.882269744864184,-1.1911000841076,-1.16419180975766,-1.38150438521203,-1.31691315331578,-1.60080218569563,-1.4414676776281,-0.704750504820434,-0.366821197235926,-1.34933307229846,-2.10212974902571
809,0.722220766928944,1.28777492953019,0.359415087262809,0.953822727233037,0.405046453112963,0.741174108406191,-0.569963321790815,0.866621892499884,1.1706947801615,0.692702331135254,-0.289567510434499,0.60976873683172,0.802655821746297,0.551526445967333,-0.186904010764208,-0.124913185619487,2.15110522354433,0.10346455325279,-0.136442447662593
810,1.62384559603295,1.59995747173,2.24645202972864,1.72921814678853,2.09078897377014,1.46264882442766,1.63944897222551,2.34908349848649,1.59424649013292,1.22257488176406,0.426486001716171,1.89243572185503,1.78460394466583,2.13011181885917,1.27490721844739,1.40863063233251,1.34239933355323,0.796200419032605,2.46528773354578
814,-1.33766964243261,-2.19185162404705,-1.26014800687547,-1.25225976520549,-1.6271216425667,-1.81102902725084,-1.799376729001,-1.46527691703669,-1.79842946527417,-1.49400542771116,-1.64310081804953,-1.55101773180738,-2.48106902291818,-2.06691683838973,-1.67830467222808,-0.635248491430728,-1.98368800503941,-1.08395473913047,-2.22382331283969
819,-1.23194896024521,-1.55230615718445,-1.68120531338614,-0.769927445682584,-0.631627665027637,-0.587458475079649,-0.00899770447398855,-0.990364478217806,-0.55024170927904,-0.642034290855056,-0.865696877362702,-1.96506762012275,-1.366154279956,-1.57592403546252,-2.37116996203384,-0.231646398288631,-0.555836732011707,-2.01780419694529,-1.44852486180898
820,-1.16036722998224,-0.828157187594051,-0.743960908847635,-0.855306763596962,-0.771340744767962,-0.172391552157868,-0.708479433821269,-0.721065749388575,-0.537210526878556,-0.931176280962427,-0.856978737621279,-0.721471346148303,-0.489041193072176,-0.978587847214446,-0.662201129876752,-0.337607068327345,-1.19408106078683,-1.10650919141615,-0.864101352626828
822,0.629396672893663,0.0794433485885537,0.399849504259881,0.0302254091264747,0.126302613295672,-0.46723555501333,0.919804911217476,-1.07463314875442,-0.46766304383787,0.206434991411812,0.697701277480867,0.999047339452198,0.774570067455193,0.656484609328443,1.29877799332785,-0.0108669206579364,0.162446856050449,0.323863337841721,0.276172729652316
823,-0.858456290697453,-0.45253037176556,0.00487549356832928,-0.868970404348867,-0.342194254685706,-0.840648558301481,-1.25956980686,-0.854686922921568,-0.139724230564674,-0.973062331695912,-1.74540771777636,-0.0909709931536246,-0.346770897130372,-0.0979289042738875,-0.0724561154916872,-0.490400619896576,-0.955079117530924,-1.09173739561157,-0.00461624088970829
826,-2.43185861003918,-0.688564054137632,-0.536527871942114,-1.37959175578636,-0.739506771956655,-0.323933570970074,-0.139666120413735,-1.80626225505762,-1.06645097384186,-1.49492001090278,-0.0530248351959309,-0.650754111459479,-0.66403825367939,-0.475052124731652,-0.283186062990797,-0.487823093098256,-0.400050080512732,-2.20946503660782,-0.753006087011335
831,-0.867355920575058,-0.285681619477706,-0.946149053381717,-0.714520318490543,-0.999055511986452,-0.954662070216551,-0.104822614012831,-0.265831529272587,-0.389448075511622,-0.658748867611079,-1.15812839146462,-1.57007422370893,0.0625410632642418,-0.262353381047942,-1.67705223501512,-0.115120005515307,0.305327136855965,-0.909047982542879,-0.393388002855828
832,-1.15057947683603,-0.965910023861977,-1.16980125359855,-0.971945021918788,-1.10515981937257,-0.36589107179321,-1.30852080445256,-1.39050154839144,-0.571457676629876,-1.16845099918231,-2.15748915974195,-0.892867235999931,-1.15200640693574,-1.13875918223047,-1.27553367525187,-0.551543386835747,0.0298138098908298,-1.44555789438729,-1.45969001097714
834,0.358928183731228,-0.254010382641363,-0.378772863341907,0.0030802482969569,-0.111061068386995,-0.33296649718451,-0.0494339672927802,-0.565813487374832,-0.119143324288151,-0.0502020765740351,-0.11293124368395,-0.170888354636997,-0.942684136902698,-1.00096287739441,0.111494587498666,0.142860377148178,0.217403746436469,0.517551223710207,-1.01211990545105
836,0.496266160140606,0.75713942016331,0.34897608121568,0.574345815348505,0.827166858322613,0.363952913833409,0.891475798658647,0.77679713136981,0.471907616465899,0.710064363913799,1.73085005374831,0.314987539530708,0.714334024123001,0.680012872758892,-0.519341245000916,0.545640691688078,0.682727661250621,1.12174853442905,0.954113148464889
838,-0.922292761747929,-0.755641846968139,-0.0237843669009718,-0.732181742486637,-0.688357841866977,0.420279686005455,-0.825996685367447,-1.06349007750851,-0.375109212770407,-0.627651220160513,-1.48495861367355,-0.381660755359298,-0.476620015473168,-0.542519093452853,-0.451881188507585,-0.541380684334791,-0.196069428142842,-0.863262543319671,-0.585753435784587
847,1.21945599932941,0.373231805392632,0.461155605250932,1.13574548178455,0.37519291374164,-0.0333920364146266,0.664892183927163,1.86671760587424,0.680604610258769,1.02675999762038,0.654190814033746,0.980666969912791,0.349725448637732,0.111574807390968,0.607879196627871,0.356199409715171,-0.39243212297843,1.48319513510082,0.722567677761981
850,-1.94198087143912,-1.07703931392164,-1.96701893322116,-2.10748920451893,-1.09777939835484,-1.87609429880733,-0.91268411244149,-2.38828311478753,-1.47153631934629,-2.00094012707337,-1.61258764883195,-2.13738460195704,-1.36252787693819,-1.22617870134472,-1.9257695674665,-0.10912066005704,-0.375775339354846,-2.39269710594162,-1.72415192740058
852,-0.690691439462349,-0.525167969339997,-1.26778432855249,-0.403010394441142,-0.956365467823944,-0.745249936645304,-1.83223985671938,0.114456140028831,-0.776530470230293,-0.628047126857126,-2.43931862077026,-1.59596363025513,-1.24825347010129,-1.59364974205799,-2.28886995620438,-0.311237961718678,-1.43884641728305,-0.331540438117159,-1.53449276043645
854,0.0868314578973482,-0.112439679738104,0.0854723302781096,0.216396203452245,0.578703839281097,-0.280175435953682,0.14664006574836,0.149579859640605,-0.485868484563407,0.144359626177637,-0.376889914351672,0.0991229331097565,-0.374283107660476,-0.668479855192294,0.0749550954536581,0.687373398522903,-0.852330366520655,0.634016692309173,0.143318030862168
855,-2.00624306958544,-1.51661383697207,-1.29082949255275,-1.93485146741277,-0.47980223366707,-0.90102263269723,-1.56441981745929,-2.3178871513995,-1.20206227125193,-2.04809685204442,-2.5735764035933,-1.94472278786827,-1.92106045589808,-2.10530446940582,-1.65065638879177,-0.026398248089383,-2.24981320697334,-1.76183788621725,-1.69944026127723
859,-0.843658353963731,-0.139224966013882,-0.508339785146008,-0.650311952472304,-1.17731856114978,0.222155998039936,-0.355154287731271,-1.07385380978638,-0.0824636932743047,-0.867371684692336,-0.693549976652824,-0.87582424423691,-0.480959543543656,-0.993421028695913,-1.43683747443539,0.0577438399691127,-0.241419871288422,-0.989261897498726,-0.890553487054088
860,0.146991839066232,0.641029607205108,1.18834221903214,0.267510078244118,0.435809071698325,0.866385365266116,0.487054063185825,-0.180990514506324,0.659087613522088,0.322583175745744,1.02481361049359,1.0061020940675,1.13774233758921,1.44162780230162,0.840972803221136,0.182903786330482,-0.200680506721743,0.161503286417828,1.08181492182446
861,-0.344221893626807,0.862659367891472,0.772327152742682,-0.0563877707218421,0.952120450269797,0.554053397966521,0.466149186401387,0.145525061724354,0.693390309934412,-0.218038484870684,1.15775183266933,0.618780142917774,0.696077754159789,0.600146733922847,0.371754896412085,0.61289840908873,0.0485943623757765,-0.251721566742709,0.959748173517973
867,0.922881586714996,0.986725821593442,0.967126623183667,0.903411078732483,0.87882409544997,1.36691867722481,1.96851519989022,0.952542038987105,1.23909149953963,0.81331877279028,2.08875022279554,0.946501914730625,0.549095009889992,0.806452158663922,1.06742634488046,0.191455774684044,0.319177922171649,0.263130003490204,0.760178490266219
870,0.0800614365262514,-0.321646766640891,-0.854023590011695,-0.421789909190805,-0.560972291188462,-0.901690162075663,-1.48663173917624,-1.24718773912904,-0.394722502645826,-0.396278013905436,-1.07460743703556,-0.992812297627217,-0.377232870918476,0.189508972787863,-1.2373404419331,-0.678518737581745,-0.511214755474185,-0.355053782976984,-0.295874174092693
873,-0.0301845662996729,-0.407477475583409,0.530809908456964,0.516629803753931,1.42355268867923,-0.121367907384611,1.65087991042942,0.223323439730991,-0.278758040310587,0.426164973463312,0.837275690532142,0.238246708865842,-0.0872771874492252,0.150407823302913,-0.00146132549235495,0.996641039023809,-0.0485635147160943,-0.0637609519803543,0.732017682796402
874,-1.87775973602711,-2.16920681270427,-2.15164493976535,-1.63212191965433,-1.45039033639691,-1.56935596139876,-1.65363214417481,-1.16969685762877,-1.64709144823545,-1.33986130784937,-2.04671036057676,-1.89558286882956,-2.58680237622651,-2.7528244529812,-1.62539730817885,-0.75775522178145,-2.49912181204163,-1.89404461826175,-2.53068506540964
875,-0.121140895393526,0.534863671007942,0.899886661818341,0.246757805899401,0.332108882180626,0.113083145548845,-0.301141591508601,0.429757960616011,0.470878821804292,0.442185153881219,-0.665613401667023,1.09570615274771,0.62908219471012,0.00235988308399527,1.62679875925635,-0.119542789232478,0.915369260086989,0.061866680916732,0.092674434178798
876,-1.06705169462696,-1.50078453767723,-1.6023052557738,-1.81746944966596,-1.55327546761152,-1.56459903659688,-1.89173488369283,-1.7252312724047,-2.26563222496615,-1.83718643026558,-1.19632200110789,-1.28263268966719,-1.36496485203334,-1.7026575752285,-2.01462762868685,-0.219391084982019,-1.62813830173913,-1.40367980382225,-1.05143622186301
877,-0.790605707782889,-0.494668255122781,-0.844069803922819,-0.706720086866668,-0.483678822221716,-0.237087800396136,-1.8638212489087,-0.717132517584372,-0.273378513013443,-0.649810439643173,-2.23724269972116,-1.05599039893201,-0.65765010168933,-0.359511975173948,-0.69152318758484,-0.283284215342243,0.0101332662217137,-1.50880447385997,-0.556115083397825
878,-1.8396663266737,-2.30059016253174,-2.31482120762639,-1.75511562960392,-1.90517225407477,-2.40415544768913,-2.88720980690586,-1.45380992568879,-2.4642382429019,-1.61199804661606,-2.67406660399115,-2.50772296640273,-2.22067169393573,-2.03561175493099,-2.49372125250973,-0.899306854745312,-3.51102055111956,-1.87740853962669,-2.20686734079309
880,-1.36299402002651,-0.968415976974292,-0.935128398754358,-1.38983944657305,-0.991582200477369,-1.12601222594389,-1.64519894221726,-0.604602783576844,-0.891484053282619,-1.43089372855695,-2.08927817081227,-0.962489101460397,-0.967283152126657,-0.925292243939354,-0.802940841232353,-0.393016897134148,-2.19083488729104,-1.57685144574837,-1.2479346441814
882,0.760780238859441,0.915465371894532,-0.236280175159758,0.319315286188069,-0.358949289932822,0.264448570162435,-0.147988253455029,-0.0453178961554188,0.571591135910146,0.101424683847689,-0.230943189826716,-0.501238372662587,0.528923175024552,-0.168773299077847,-0.110120662240561,0.30477637709632,1.06884642490582,-0.178994977358362,-0.477555111390839
883,-1.25123740579025,-0.665530368840402,-1.12059962881153,-0.923470058283797,-0.830300525829482,-0.974881378323194,-0.225621222229364,-1.45673011797125,-0.884639716962965,-0.648247213698595,-0.553881545797924,-1.41053302590369,-0.816062728186277,-0.997358490016548,-1.4413491043455,-0.272990977892153,-0.948996115902984,-0.623880380993496,-1.12856111940877
886,-0.301810899998807,-0.0504860765584459,-0.705566394259966,0.120175601178462,-0.870286495704244,-0.199036314773918,-0.987580742571817,0.340315435904609,-0.0438178551415614,0.062777449013352,-1.0543975603434,-0.704222843022845,-0.69790188816533,-0.571877166935938,-0.602595836728282,0.178234382553318,0.0869579792013919,0.0216723496214426,-0.838957871508002
888,-2.08195578168377,-1.78608223309565,-2.05198740808833,-1.50725735876313,-1.48251313616061,-1.46786891560329,-2.14829153958155,-2.59108921979329,-1.79144010296282,-1.55400441538063,-2.99737026046594,-2.45825149898083,-2.06929861660578,-2.22272638257506,-2.74073175541719,-0.263112671662348,-1.28225657220265,-1.50332030956954,-2.07002648458899
892,-0.786257514347427,-0.27493950641334,-0.361378762384332,-0.225513883331029,-0.409821360779024,0.0379198680156512,-1.20042110142436,-0.214484418232668,-0.252347543475849,-0.14756190889776,-1.30515214308395,-0.116951384022266,-0.086034539812099,0.578928435506577,-0.710625039887675,-0.102157460518523,-0.521880007818421,0.104410548125992,0.0355896723170122
893,-2.65851631476483,-1.03147892183144,-0.0673094557964266,-1.80612519872888,-0.641098309913586,-1.46018009493859,-2.04291588551548,-1.7006873612687,-1.75458758645404,-1.48178164336679,-0.761037714895851,0.151771112855667,-0.743289446840658,-0.705877864087249,0.342636020570846,0.0575995212247746,-1.01409361100868,-2.00238882293563,-0.249680513250858
896,1.32811127796209,0.996496382476052,0.506870909451714,1.32957453572425,0.840792969464167,0.755198673181147,0.992543034041769,1.31567833999057,0.551951144477515,1.27496194676415,1.1759625542612,0.885927905354768,0.778483300425105,0.105683276585511,0.538004646611303,0.0128223685373434,0.760759381220237,1.15954259700765,0.0657541634438431
897,-1.38573996620747,-1.21524045614096,-1.7351299941406,-1.01226337079339,-1.25913235759692,-0.824964220706281,-1.73236267328371,-1.4139156624762,-0.363983359914868,-1.18845264836835,-1.58786336510727,-1.78383560036945,-1.93548603680587,-1.86679519385384,-2.12241472784127,-0.435492129498627,-2.0698622211469,-1.52156362318025,-1.61950583405636
898,-0.381751765983793,-0.0160740311181119,-0.793807158880002,-0.818050840862182,-0.961728690907525,-0.251726400911364,-0.593048977259044,-0.33902700256796,-0.612801672642669,-0.934808901177942,-0.564251404933738,-1.16529621338266,0.180389953273239,-0.43180746252112,-1.7214882398322,-0.472737552004936,-0.647687971887984,-0.944623055457029,-0.740232832816141
900,-0.680738018181983,-1.170194740698,-0.566572613050199,-0.536901141930954,0.189409391596865,-0.518269951909322,-0.410802385527117,-0.821802635527992,-0.47854755573174,-0.525926541673967,-0.303087970992362,-0.881772779143776,-1.23435839192519,-1.21817567767689,-1.27205822435996,-0.494508947312048,-1.04281253466126,-0.745274867335532,-1.05227349421035
903,0.51132537461758,0.180303961340402,-0.236686644194885,0.70464084801103,0.328574688437202,0.771627507068832,0.366141247802333,0.351117512315674,0.808079789151016,0.837717769228824,0.421866482242634,-0.387445939928673,0.137232712737303,0.185345649389062,-0.0620068427730845,-0.175259217684983,0.653977847812853,0.744488807670011,-0.6419144496836
909,-1.53632919510921,-0.892826395364878,-0.776728801647538,-1.77025335731276,-0.930111821016222,-0.321081799863426,-1.27507076283623,-2.08346430977256,-0.883762745756163,-1.7075694598603,-1.83997362489431,-0.721795343566678,-1.33922614388082,-1.46483826329541,-0.867268618001343,0.244867039785287,-0.890965145238853,-1.64506649228636,-1.30031049996336
910,-0.447635123420171,-0.663256777448992,-0.256522748814588,-0.843056984663219,0.00749667658525134,0.078770143362573,-0.406159881379735,-0.986924812618452,-0.345340633897016,-1.03263456993919,-0.936479172390361,-0.0265684786727633,-0.589312674704516,-0.881643780262009,0.152279797370927,0.466289241697976,-0.19325022559323,-0.432856200140153,-0.33538092309466
912,-1.19483021935678,-1.23109976066684,-1.25528201091453,-1.10382920624962,-0.934069422400208,-0.963720022099788,-1.53932545149145,-0.0636538054046657,-1.09956658579896,-1.02353506245678,-1.36329024667382,-2.00710281689778,-1.35074572493942,-1.38741536025094,-2.04537653095222,-0.840783341590136,-1.70345393530059,-1.58329879069179,-1.27072382365573
913,-1.17017169342415,-1.41791041918641,-0.313552156749563,-0.887265096817962,-0.825611165081608,-0.861607540957566,-0.630998622369026,-0.86941534245672,-1.07133697100916,-0.880465190315394,-0.803144004282368,0.026954652581953,-1.28581126946009,-0.473486997083621,0.505116448261487,-0.334092477312916,-1.99975150334912,-0.786612444756439,-0.717050982474462
916,-0.975888857151411,-0.903635836126269,-0.341443644002944,-0.590188213472631,-0.662394198279353,-0.592109753184151,-0.62750560434586,-1.0510834347648,-0.985700875591508,-0.674097152015334,-0.186936257430713,-0.66277626825757,-0.853123595743483,-0.746539886150123,-0.661554155760187,-0.0738970735493475,-0.816365777027734,-0.887714397371265,-0.729445072994209
918,-1.70330590649773,-1.59852836539548,-1.49313443960346,-1.87402885485632,-1.43411491254203,-1.25098476016108,-2.36779538169896,-2.03094401002241,-1.59152877278799,-1.75241225731131,-2.29423665504533,-1.3092026536001,-1.14915092573131,-1.42360672018239,-1.17266936158468,-1.09239724113346,-0.759548693287082,-1.86396129002632,-1.53670530257053
922,-0.260317252782258,1.12107617916266,0.259542085266516,-0.0378806929108795,-0.344646942245608,0.590610941734489,-1.66452335465625,-0.209986054773496,0.905869037458613,0.00576611798206169,-0.965609143665166,-0.027298025654836,1.07175530872347,1.35806173462407,-0.164110132769601,0.108176848788622,0.199025895873137,-0.0735431519344693,0.983126804320135
923,0.331231484641324,-0.655480234834899,0.067509903763458,-0.123910999475604,-0.04104952052523,-0.136591630067601,0.369209693442018,-0.592879229696266,-0.194394240205175,0.106510742148667,-0.332718049824247,0.00130600877553103,-0.895862863002478,-0.885852887250624,-0.19716839618914,-0.44828007288311,-0.26510554820406,-0.178079987718969,-0.62192995111845
925,0.0799739904022152,-0.694731976557529,0.258058144160596,0.277674031896406,0.725769079598173,-0.0788716706584102,-0.425839870648832,0.205510498954043,-0.399475298413149,0.214885047785458,0.227778625802399,0.499077904391667,-0.184409481598709,-0.341157346843121,0.89919646225489,0.0566955071222513,-1.22419839552142,0.0628448233512281,0.254354538213639
927,-0.147948869950881,0.273273409393978,-0.30377583677741,0.0452625747436297,-0.213910657707748,-0.125489771446535,-0.323576711690301,-1.94109914189087,0.105448077179526,-0.16981530397332,-0.095736773303971,-0.190513884699029,0.302557936099502,0.340276894122014,-0.185868226454039,0.426005965762113,-0.720530601764432,0.0293922600803078,-0.085826562186012
930,-0.609237596577838,-0.988540694681051,-1.19975914092909,-0.515812298519736,-0.849187262646689,-0.360084863395462,-1.47929942793128,-0.328811513250082,-0.89819614842905,-0.285075424155346,-2.66760155159017,-1.34746234812376,-1.36072057357724,-1.13156318894263,-0.847466915071505,0.0197717184006086,0.0407607161430642,-0.57463443100726,-1.07248913189064
933,-1.26327863912232,-1.41401891669667,-0.957875104969669,-1.31419261627921,-0.277009527857983,-1.07517983643683,-0.956464899345631,-2.07106062222854,-1.28847876958518,-1.35654033740477,-0.601244959091962,-1.13416834581668,-0.873575172671479,-0.68465865655165,-1.05666524765073,0.184593597999478,-1.20957680678036,-1.66613478536345,-1.10120862669565
935,-1.3721445006653,-0.795324624312224,-1.69020446270799,-0.939768049593491,-1.21135122835554,-0.309029576658561,-1.4919713231145,-1.45738263701163,-0.489520554989225,-0.984977438060862,-0.955842075957759,-1.98306665580255,-1.05575804468747,-0.587898915157062,-2.35516531566382,-0.688754835407149,0.00777386446726265,-0.562943057967464,-0.823645308606847
939,1.00489472899133,1.31517101309346,0.942634553645856,0.535021645928534,0.698947488162686,0.904148812018777,2.05671444317888,0.981501411510474,0.956301766952993,0.76654602653018,1.72907064756191,1.08454571776559,1.17839475095778,1.48331880472034,0.766753122490544,0.234447504657987,1.29700142090229,1.25062114252574,1.65727380220285
940,-0.232179946807131,-0.793032625175688,0.0291361406590359,-0.57526044519214,0.341208270804055,-0.18167598314828,0.260949979447268,-0.926805025234811,-0.102516452585375,-0.558102451213407,0.172563196922964,0.580751333860378,-0.367548170072466,-0.144181832765793,0.676059586442986,0.584760980569961,-0.910317760684697,-0.0405041189480682,-0.693304143643556
941,-0.64126914502224,-0.533616431782844,-0.700582356598893,-1.05814702930626,-1.46577054300453,-0.30439188303945,-1.83701637099376,-1.66386714604528,-0.677938846504908,-1.18688336880696,-1.7372928346819,-0.904814139569153,-0.819014265090847,-0.441513861526477,-0.465042826880271,0.24213885736886,-1.04668689942927,-0.841417067505881,-1.10353261413758
942,1.18295474626302,0.00261637861008902,0.647840942140039,1.03350163617044,0.434973554806793,0.317670280433286,-0.530857532517921,0.692137123115914,0.0976582277447463,1.05289432299955,0.0555061546085805,0.747687315065837,0.388485093849665,0.152471136656021,1.65461310553608,0.252852431601028,0.187855241661146,0.4173090839089,0.772198599455385
943,0.0736096556112859,-0.526680452277949,-0.0686637650741327,-0.345641574515197,-0.318884807944179,-0.911114976832961,0.203155958327323,-0.352936098541342,-0.66229568165243,-0.497658104486859,0.101746083255742,0.316697426039104,-0.0725750316375645,0.163500885383743,0.634757974409906,-0.813262352109469,-0.0820182903868385,-0.352762035817997,-0.0827645134493476
944,1.38077970201478,1.18663408536141,0.859837652073092,1.59686234999536,0.903188434229289,1.65347511607116,0.853989827408424,1.47335933164457,1.33155200720484,1.7836618043666,0.238278205748678,0.498875300380492,1.05628709307761,0.657028794084955,0.244572162244416,1.0122325493922,0.392600396443623,1.69340649660875,0.170538599000156
945,0.278357994285132,-0.292215433161245,-0.385817086154906,0.172262745800798,0.332687185573412,-0.030963747562792,0.408948471427026,0.595999018361717,-0.361253415845187,-0.00572037410279303,0.602258862841347,-0.839028713557432,-0.336338412132383,0.208369083825402,-0.575439266579458,0.348072034627483,-1.04915916715239,0.011524650213968,0.209982825479239
946,0.485827989471333,0.50661253051976,0.769026800155573,0.0817235839285286,0.556455120461839,0.416700640947072,0.948714566846016,1.01140112173836,-0.115495059731542,0.0429258887113249,0.0587896364654876,0.65177749760707,0.785802592657882,0.661245631861907,0.449506954598116,0.696502028703647,-0.142567559029381,0.130709261115265,0.581627818262236
948,1.38463666987723,1.43675679310921,1.2168036685709,0.70326076767356,0.927559187018873,0.967770539026137,2.0526206200919,0.0566455613559583,1.32637587777051,0.831282137038488,1.4003004645778,0.913441930077999,1.36407240756923,1.48628031445229,1.02019840846946,0.232791535141441,1.82335470475863,1.44762088967351,1.08211138047046
951,0.737282606202274,0.466257739977764,-0.238068855404677,0.836991960925481,-0.0634336884182616,0.687000345896203,0.0791058497405009,0.558565497029467,0.607791274481824,0.658242680639219,0.605602385300986,-0.0370319904221765,0.328533942245098,0.364584940132177,-0.148420361626516,0.168373315703396,0.397038520137995,0.515091842215853,-0.141976623404915
953,-1.20972729047709,-0.510968738348673,-1.27007257440037,-1.05149974705095,-1.04381845850211,-0.615250410830986,0.160797939411548,-1.37584387644728,-0.517892166041201,-1.12535205837881,0.000192393918800099,-1.09722093649887,0.0149082363637745,-0.205176237058344,-0.94878010718621,-0.305335625102542,-0.0803063003116008,-0.850027830603888,-0.123327881127316
958,-1.42039717902191,-0.847398099648105,-0.936065402613328,-1.30903643322431,-0.875939054874854,-1.28402251264792,0.285308949511166,-2.22329345137259,-1.04723857089539,-1.40447044915187,0.0903036381405366,-1.79006608070362,-0.736792915007053,-0.902831806660882,-1.82353719775919,0.125752996905598,-1.2049160052528,-1.03375924160544,-1.11954803950984
961,-0.0970792104477512,0.436868346492647,0.117183764737899,0.502569303278334,0.357998362036183,1.06929643311292,0.317763724596795,0.150983615288704,0.63923367636193,0.656187034153142,-0.177316128730445,0.205492489383345,-0.0505701105135103,-0.236896172335297,-0.201227296444679,0.244321119928709,1.19640199337656,0.11955281924859,-0.256302269986744
963,0.922264512389256,1.59901845556028,1.3849624135506,0.549981095670888,0.968946834740313,1.52848726453845,1.62766548366249,0.252492941956954,1.5135375280907,0.538917251014292,2.49269162360484,1.08216349096639,2.04224964190908,1.6177236275218,1.03249097197556,0.841689137701735,1.28008432680932,0.678569370212322,1.64219247241181
968,-0.898660718680049,-0.224613015576211,-0.262726956933302,-0.279400356901289,-0.0258474911129485,-0.229784138631505,0.00805439108390445,-0.273177501688117,-0.293011862653721,-0.0969118524680579,0.499164655806638,-0.496051829300077,-0.019456028955205,-0.374630221739631,-0.251112184053969,0.399024993132853,0.363422453136598,-0.208952512302644,-0.380527535421745
969,-0.47970666078214,-0.545543297564603,-0.51800103228912,-0.998831699928372,-0.52210608781993,-1.00833208445312,0.0137987249507421,-1.34495297615051,-1.00967804574133,-1.03653736501969,-0.136999876934554,-0.389107337012871,-0.0277388573034648,-0.443702989483867,-0.98151220221715,-0.28003634897213,-1.65251056176198,-0.785384916302121,-0.653286880427689
971,-1.11302415791602,-0.439569563660676,-0.464644037775385,-0.803074066539221,-0.625721429135505,-0.802666187967107,-0.331354602710899,-1.10396182673835,-0.878457276236323,-0.846724470776141,-1.41506857764138,-0.638728273946646,-0.353201601853101,-0.577581743890019,-0.463272969161751,-0.271887287030105,-1.13796635544933,-0.984267459046545,-0.423461158234728
974,-3.14053524302855,-2.59296311491945,-3.403581003239,-3.2288167886853,-2.70156258468633,-3.59276224014412,-3.54670321699584,-3.44444883171848,-3.01541721259869,-3.34564886468166,-3.72011587305794,-3.83182988078469,-2.89105265225888,-2.95149769650426,-4.11044627907267,-0.909845112353196,-2.95905556363047,-4.03644353670352,-3.04409398959358
976,0.576046951465757,1.52136458710186,1.35898470783171,1.04889372538016,1.80840880711372,0.90233185392559,1.81749417693053,1.40728917142179,0.895583706619448,1.0994279924305,1.58855937085752,1.51851033327253,1.7739145922515,1.4227605602573,1.85571975633745,1.28506590845052,1.37367291108028,0.228381085948228,1.29081939241087
977,-1.25145729885303,0.115734126891399,-0.29768972620378,-0.576893871814076,-0.420079011360397,0.379269616204738,-0.0513271598594466,-0.395908952816888,0.158469849100774,-0.55387976277898,-1.1952207811948,-0.0461065119578791,-0.0329393834778375,-0.139228390213069,-0.84326712157792,-0.193269077301608,-0.646631788255059,-1.19530036819234,-0.313707586646625
978,-0.564573315204108,-0.973859367078328,-0.940275646724158,-0.636538846036065,-1.39637452415239,-1.09910012457166,-1.37509541570724,-0.203389130445461,-0.746818260041359,-0.793144434046415,-0.59534974274549,-0.35268738476789,-0.783387238659262,-0.479769355768648,-0.350812901518076,-0.874225858524826,-1.53720873724494,-1.0758589244735,-1.01256897289031
981,1.13995902973433,0.722999998319243,0.728485475669648,0.571525789433082,0.902846210334626,0.753549319343697,0.00782946296535058,-0.422504741161411,0.735957268171029,0.752016435067878,0.254178205996832,0.754903537508868,0.494725281805968,1.36146517940684,0.364635061855838,0.00981233131321759,0.317531405306528,0.393535059503188,1.55003421578452
982,-1.24340573263579,-0.823407663581668,-0.984965823023445,-1.05008761248831,-0.548332394942805,-0.920327266301159,-1.1876781376857,-0.728946446074321,-0.882534459833363,-1.19547261970682,-2.4578505208011,-1.73642252393277,-0.407096954812099,-0.98372843713923,-1.67746032312213,0.0620840708992182,-1.45965643364583,-0.776638807936534,-0.815892785650643
986,0.439812886896736,0.236945448107828,0.219421689431889,0.231713448466765,0.0465674667288695,0.372362691252555,0.0265797140862696,-0.207186281487143,0.657043773054942,0.132380615516321,0.115800458863835,0.665019927842005,0.378743920629921,0.33389147095141,0.443744514126498,0.261463865292938,-0.296625542850638,-0.0762068688095528,0.157351601165166
987,-0.74049137700479,-0.934564007261459,-0.880223696193742,-1.06411818096705,-0.492826917180176,-1.0534868959718,-0.837708208492102,-0.343950978541394,-1.38934688441156,-1.05102863971842,-1.86031541167133,-1.25670445975936,-1.52937354391593,-1.07795175609207,-1.89489780086754,0.178666054531165,-1.62102082755432,-1.37048717023331,-0.750301054353048
989,-0.256027789971318,0.957077382275563,0.90135538866326,-0.109767315312963,0.810607426767878,0.404857078317943,-0.166035461906595,-0.196555060649391,0.48094382228771,-0.22867939465489,0.288650573630034,1.54669086550726,1.71791123184199,1.23575773317017,1.35946196121863,0.425637328681,0.366357637444667,0.256894896507133,1.36882001987649
991,0.37498581773642,-0.455140928409344,0.325601105831225,0.480593615781394,0.456733514529499,-0.755952229028153,0.435467562672205,-0.262379510948981,-0.893308128800853,0.457102780692013,-0.271340363010706,0.452075352380898,-0.0235424321521428,-0.00531471577918093,0.466858441577209,0.289256107524936,-0.199550941958312,-0.0172611574434925,-0.0480103993363335
993,0.253456975130529,0.845500613807877,0.818385488116769,-0.21186703897124,0.488483226613631,0.596573316832407,0.755467715516137,-0.336081506696503,0.773058257542121,-0.322036233465172,0.320894685396472,0.871010343854818,0.967587071131372,0.832783082294993,0.619640577994995,0.258347049210821,0.952891237196446,-1.15567946588675,1.44298551302084
998,0.936836699289982,1.00578150026289,0.573019747819753,0.966064580792445,0.467547184219973,0.749923379264265,1.08692922864113,-0.0363523579220298,1.01822302141919,0.844261823145506,0.0874494109139329,0.451202726119807,0.710522020396567,0.611125731961491,0.789676742098535,0.550825360518794,1.02391826190632,1.24645998569118,0.25377740543924
999,-0.27306173345848,0.0529611216091099,0.313250022703428,-0.103507711342986,0.417931924263669,0.256626658215504,0.513251293943244,-1.39136742120331,0.0737343953787559,0.0747381167692747,0.477761884898249,0.610965396349248,-0.678585120514838,-0.41146304708974,0.465413444612247,0.027644762526971,0.338144861380163,-0.622642463361691,0.224754607566266
