"original_index","V2","V3","V4","V5","V6","V7","V8","V9","V10","V11","V12","V13","V14","V15","V16","V17","V18","V19","V20"
1,-1.05891278745356,-1.13233411966886,-1.19509122676062,-0.426225315785831,-0.48725591246313,-0.849991236184131,-0.0660222406207104,-2.49151252787762,-1.41937345432418,-1.34682625624156,-1.12009878623372,-1.07484199736138,-1.16413029180928,-2.04144683826356,0.00404783499356062,-0.562856214148008,-0.691464142348858,-0.549020154847889,-0.351880707130992
4,-2.54131617174983,-0.899376007038382,-0.92375893860367,-0.700375293631965,-0.342602225986031,-0.184366973905273,-0.966762706652933,-1.9822486302166,-1.86213743128182,-1.00593666731225,-0.779824654382006,-1.2890758851486,-1.92910170619152,0.25294960609885,-0.825062033825323,-0.574662138295497,-0.690916157865668,-0.500507175200586,-0.617963355832395
7,0.308875999269397,0.448163336471539,0.0892120233087591,0.511394703608009,0.126601140269991,0.296444665148793,-0.231409886287866,-0.98637320187389,0.772409467527854,0.331339024663469,0.234438019920463,0.391450529567856,0.45389477282609,-2.24303221388276,-0.21065426303424,-0.00749723610113988,0.29450719188983,0.57560175546823,0.208085595820111
10,-0.915234095314909,-1.51436818385221,-1.85069288274735,0.456507560687282,-0.407973350107673,-1.44088461497137,-0.680409744404466,-2.67497867758169,-1.10672269077421,-1.64467985152492,-1.45641063585126,-1.26827297274895,-1.74179423751165,-4.20506242623352,-0.563878250190903,-0.0916725584798204,-0.238274798233583,0.462051810870481,-1.04382494775455
17,-0.317326204469436,-0.161376996743485,0.41945545529927,0.299741908634256,-0.189638019719439,0.147078527562756,-0.0564704168800028,-2.88254208714134,-0.208590890752111,-0.078736131087658,-0.896820800060481,0.0448573871293262,-0.186156784908378,-0.170099221480031,0.0674804551242302,0.0393974380778331,-0.0216164740958499,-0.254026867849225,-0.553580782984864
21,-1.48624861948845,-0.770083986857912,-0.143535351348865,0.19692466522056,-0.505058074832629,-0.819987360433694,-0.347285640614336,-4.01591388763859,-1.12152713308369,-0.620594843414587,-1.21331766375166,-0.874861391194944,-0.766390254327851,0.838786070851512,-0.0547970352799432,-0.0471957474269561,-0.250183316577131,-0.487944709361166,-2.06940793763349
22,-0.0435117861215573,0.40920003301667,0.723840980259965,-0.722032555452588,0.292877086887064,0.524785411856306,0.142015725880821,-3.11615482292447,-0.208498833236972,0.688938163906626,-1.94341761316023,-0.002852452042307,0.771028381501747,2.12245224451167,0.160923863484318,-0.153574536936588,-0.497081576552907,-0.30647468412846,-1.67302454669872
23,-0.15233507500511,0.030727462544842,0.32677024713511,-0.78720149322528,-0.541448877717317,0.270540563251145,-0.55035799888275,-1.44386198465836,0.370829976476059,0.570576472778521,0.201463559546487,0.711464181100701,0.0135949892975986,-2.6968063111304,-0.499891399812278,0.239366051862989,-1.08994455060199,0.00372925465160149,-0.238871177973804
34,-2.62462791604538,-0.311707688204689,-1.02474726174732,-0.506852341321057,0.0253112338895394,-0.0488027841224493,-0.747726074364928,-3.2895050031113,-1.31474537665632,-0.415757880241148,-3.18982594386783,-0.959146637173977,-1.32309315560516,-1.56291031023886,-0.580171864315194,-0.506768087704187,0.0895733260494768,-0.435532284786082,-2.9590842157092
36,-1.54311877034815,-0.685001435902453,-0.386657104770981,-1.31347580498522,-0.141566292513034,-0.63490652095856,0.444741260475158,-1.48783618768069,-0.652162712356287,-0.46649390541769,-1.28073616938412,-1.13656092912134,-0.761835973140498,-3.65675280148575,-0.360791436360918,-0.311152713158243,-0.769435787746279,-1.15079018109736,-1.4670048743733
37,2.14208717180765,0.273240233494074,0.255210897186768,0.876682820769654,0.721186652429155,0.486939935464789,-0.510146267631867,0.903726335012933,1.36089994645232,0.19448783453828,1.90537385392161,-0.0722631285245635,0.596996448963235,-2.90922015131616,0.107308243610102,-0.169557633420714,0.194572395634052,0.517154307432883,1.9699629654991
38,-0.0124137878813164,-0.365503600221459,-0.362147016461485,-0.493356281191361,0.265974090783354,-0.479416344312428,0.0967929126340928,0.643050931909772,-0.240203874594815,-0.587273088566512,0.573524005586883,0.0267305340830796,-0.243069322745693,-1.71474090639823,-0.128452614051233,0.324628517171652,-0.327583556945977,0.344859103593529,0.4467713449782
45,-1.51969099517246,-0.398165177697877,-0.736116157335349,-0.790161025189806,-0.567764468859567,-0.778746659512498,-0.671960682274492,-5.25791365833052,-0.0245047878692835,-0.627522728212453,-3.029130617665,-0.559783929166726,-0.480082775290807,-2.04223661174404,-0.824568651193123,-0.710363651230326,-0.547436056118718,-0.784949227594655,-2.64423415203114
53,-1.75392470682478,-1.06205138406913,-2.06196194119833,-0.812246012389074,-0.61070163517741,-0.842417207606823,-1.45967677571886,-5.01931805294729,-1.36185865521903,-1.32335895577765,-1.48823470551385,-1.53982393219052,-1.61961445304291,-4.49275778760322,-0.39850612482476,-0.67524094305239,-0.913674976129201,-0.0326925129972296,-2.1446982649479
63,-0.277211445189767,0.0552048988691509,0.195896395503983,-1.32076952617138,-0.277315974088036,0.136529578888685,-0.21982470154042,-0.679239531518092,0.0214372353033885,-0.175567913697707,0.810749791474976,0.171923966029725,0.251113045774857,-0.745613775015345,-0.730889955637082,0.00965395707885084,-0.745337213654269,-0.365593486351314,0.787632789265931
66,0.133876622341862,-0.201922203538707,-0.500304772388296,-0.655185167462793,-0.0803190532601602,-0.614626724828015,-0.191622594122774,-4.80180695227213,-0.0467272029279327,-0.252302398082202,-1.33002144317614,-0.349307506031746,-0.21798328677849,-2.74877986390855,0.0120549972954185,-0.437540347358164,-0.385712661116334,-0.246760744544459,-1.00895719329499
67,0.670892713104656,-0.933854273833697,-0.638524201731523,-0.998878935172844,-0.743590143630509,-1.18153487035234,-0.152183423276114,0.238246476583988,-0.704393666683866,-0.73353062721839,-0.00438131230616542,-1.17475740707347,-1.08917412187113,-1.88847472014018,-0.0811794585336246,-1.21123547589858,0.438496635087391,-1.18820614610799,-0.0301751624677733
68,-0.866212476405,-0.204759118729695,-0.352978136489462,0.405948164922799,-0.053797901455649,-0.17964274490795,0.438851938111343,-3.3210912444686,-0.575824505166045,0.0310613249917262,-1.57769718998083,-0.00179851752711295,-0.782280484856546,0.624752334453081,0.0679598583930577,-0.339953350369086,0.310259764200507,-0.000322234607304012,-1.80817833826214
71,-1.90849717117341,-1.12470548187478,-0.592723598349919,-0.55975118836093,-0.399773614396192,-0.836253730256718,-0.0144516870940214,-1.72828478486569,-1.68482101885511,-1.07536600344176,-1.90980278297934,-0.709237633968368,-1.38469649973539,-1.93952342192307,-0.282558926204232,-0.761828217402099,-0.491934212075221,-1.30394792695794,-1.47783649548928
72,0.0382134882474314,0.0816859523325808,0.697625935398657,0.18770065867126,-0.216810939596722,-0.336351300690416,0.294517239807344,0.926508294610271,0.155533208369354,0.389975884713523,-0.636035909417839,0.12012407396896,0.624676290966682,0.648815349288045,0.101279118528619,-0.61197889075945,-0.386648259969018,0.130671346288331,-0.398105139987511
73,-1.3298771221612,-0.620274864398977,-0.482747680735916,0.132929937090283,0.708888990835929,-0.220332857258686,0.511442779344319,-3.2032647307288,-0.902110023760263,-0.624631167909005,-2.56367970152023,-0.925616892275834,-0.788205094518543,0.0305915613909609,0.124933649320404,-0.686440101979911,0.0514031141433255,-0.789697186015384,-2.40209078725915
74,-0.621146409796641,-0.354453273701697,-0.189613471157659,-0.680533376573224,-0.717898467566337,-0.557303202476853,-0.590577879046452,0.190473650788131,-0.75774070898963,-0.387135836081161,-0.847279478759138,-0.760290120186693,-0.218298199358737,-3.22962315740344,-0.0417698951088887,-0.240165206157747,0.178691050243962,-0.715398077654132,-0.869269071044978
75,-0.010676356468098,-0.448595670846397,-0.027677774503387,-0.23820756342431,-0.67396169698797,-0.56494797174736,0.0379410266897911,-0.171049376810072,-0.11126869037409,-0.0621846286625648,-0.0305545879698046,-0.038758791528376,-0.186900531431411,-1.96825427044609,-0.375666404914907,0.352726062956101,-0.455018283921056,-0.0130523965714035,0.17359430203047
79,1.3267155174945,0.0735146208103169,0.0693328347487836,0.304936373661596,0.633698743456142,0.563888160976009,-0.643157123381937,-1.32726130522129,0.841451625200236,0.0961173679765242,-0.536293590544375,0.342605055431948,0.395641690754004,-0.860163332497794,0.426207646600012,0.271324835946162,0.49779891671482,0.20063644881738,0.413947517234753
82,-0.549292905005275,0.254419352079592,-0.314586427784441,-0.469744230715194,-0.0165633526047398,0.25374410152794,-0.0584190407571184,1.38149590004171,-0.177932396461717,-0.0525813714740618,-0.562293135003992,-0.0658403846865868,-0.190649094127406,-1.95898812886205,0.0514614922702816,-0.323534570577391,0.0411540516614089,-0.166863365218953,-1.04549127736858
84,-0.492352799741813,-0.052408593444058,0.0911318212548721,-0.471753728976983,0.201197154901419,-0.159627087910538,0.414135301578495,-0.973606753846212,0.159905468667483,-0.069262586070104,-0.192509198833902,0.0544641177981623,-0.530530632312007,-1.51446637108529,0.0242562080559929,-0.225787035434632,0.0574719204607151,-0.593814122043918,0.243481662418586
86,-0.123140121065043,-0.107356420800431,0.0455149317968523,-0.445545950843238,-0.170942815227657,-0.236001780685853,-0.157875737870875,0.9242821816831,-0.158726856929839,-0.161047734325975,0.301125099369933,0.162570235547253,-0.169594848253893,-0.0862910002847452,-0.277556254698874,0.139482802857432,-0.52278641220321,-0.484020455972524,-0.100734166333881
87,0.151824889216277,-0.0666763568172204,0.153321378629383,1.04325850950499,0.570544296855439,0.289504843763706,0.296550220305556,-2.78232021505939,0.387294338907056,0.0484097173484337,-1.51074794183035,0.784971160069229,0.571996656946301,-0.399790871560472,0.102977304781353,-0.688201831779911,0.176552127308756,0.124319814552298,-1.2390329395985
88,-1.40113561313919,-0.575970395843186,-0.266459577477386,-1.17186219143291,-0.288964683494957,-0.497838525471544,-0.467408083086566,-4.03634106370745,-1.48747668196195,-0.473202545056569,-2.17841739707283,-0.795553213350229,-0.765042037270551,-4.48269779985029,-0.363505484732992,-0.448630882136573,-0.26437561594914,-0.153692870791466,-1.02696893621263
90,0.608717784691383,0.270843154378993,-0.14978725270747,-0.330636005207663,-0.345602553110774,0.149777377335367,-1.13981250689236,0.0315575875085288,0.0766472691972185,-0.0957925268067934,0.703632428725523,-0.0167647091968532,0.127006143414922,-0.827838027635522,-0.286636198107865,-0.606531469784769,0.0863457915824691,-0.380154798829047,0.843966655961583
92,0.454374167202717,0.480970396680493,0.705076845830888,-0.125537494356943,-0.213704683940822,0.453879085783511,0.157937625423326,-0.888926987362928,0.807329932851367,0.339681426707684,0.680571047070057,0.726461334002244,0.941176058030979,1.76570246834179,-0.0448402952878652,-0.00726433484307622,0.260749861473512,0.471452398048949,0.981816726948704
93,0.110680768096474,-0.355384117052818,-0.342772194327718,-0.800858826526154,-0.428036993007465,-0.0975702924100882,-0.673542567042447,0.146974619004557,-0.354624916244973,-0.566347693400657,-0.405793951163454,0.151402608198376,-0.830873802120471,-1.61290089399268,-0.482972674722705,-0.00292833247391814,-0.424319243998959,-0.717282475311402,-0.539587065148912
95,-1.02202332868526,-0.193390279392341,-0.238073004807033,0.516965955532036,-0.519841573799211,0.107585806721,-0.403903853594344,-0.444459369173571,-0.786181591447672,0.155512945799064,-0.657116934765795,-0.842089389308968,-0.433558695498346,-0.0430673528311606,0.163798087704558,-0.966267465135009,-0.423690491183249,-0.714699371411559,-1.20137654670736
96,-0.13519722166915,-0.326427745380651,-0.416875520478937,0.30274687923556,-0.123034579029516,-0.163270998364693,0.21720571417578,-1.94355915440582,-0.718846753112677,-0.695465288235935,-0.923081094497489,-0.836573814280105,-0.776934314016553,-0.535969229461423,0.203676544875344,-0.381339541865375,0.310714551365969,-0.619643072909807,-0.890385848291228
102,0.0460853749859556,-0.200412831482377,0.0111075349505093,0.447494823422118,0.408626843692926,0.287170212143665,-0.452684323247405,-3.30355134031282,-0.253878756722145,0.0646764159343325,-0.282653109663474,-0.338485574931476,-0.339990914729387,-2.08540807343511,-0.00386204421018606,0.151204853704349,-0.367653177226675,0.2828929839542,0.0155838009930183
108,-2.24583356069427,-1.2462428168941,-1.04705077836916,-0.342057252489064,-0.172091057570125,-0.453883884681719,-1.46409266190759,-4.79471293156002,-1.34036177031135,-0.80421882294462,-3.5285676957615,-1.5854718939002,-1.6378326058199,-1.79492007340986,-1.09952639730186,0.382663623007336,-1.17675406021377,0.205655135193476,-2.43439884186828
111,0.966062706981714,-0.616869730720099,-0.527561467817803,-0.434584770407181,-0.37796339904951,-0.446480685643084,-0.198863142492679,-0.679083254924398,-0.73589618887558,-0.409970426707361,-0.261891913635918,-0.979282555804908,-0.322065351299096,-1.5198378938548,-0.174703461606446,-0.131840914171105,-1.03555444053874,0.00641309095646898,0.329264339057662
116,0.577208487786575,0.0856307495707266,-0.0910925103483114,-0.78759493196146,0.0642886167436397,0.142844585246352,-0.163525959553807,-1.33822764104269,0.0657934002538164,-0.0565777205923389,-0.469259067957087,-0.472065136956753,-0.263995404337032,-4.30933943842457,-0.0579971812778366,-0.264044570556547,-0.135516166104639,-0.614295931431631,-0.273873121566003
119,-2.01070162455665,-0.312797445079019,-0.611981523323669,-0.354527056745858,-0.589744319912391,-0.798855492655394,-1.33282929534639,-0.636222086926285,-0.807122377053237,-0.486635404096642,-1.36745636532326,-1.2598400400475,-0.0304368211559857,-1.81662625329817,-0.390559517677452,-0.0876427523691679,-1.10714223720415,0.0484573013592182,-1.29089113164848
124,-1.4161804617837,-0.110447182994263,-0.446707998001089,0.0819821319377479,0.0696073176321126,0.0170015155634192,0.266769697833379,-2.00491521633588,-0.556581442386401,-0.153229689791964,-2.28930826408938,-1.1752075621379,-0.343975164827022,-1.01551616036263,-0.167386082921824,0.529573525726471,-0.170271441223496,0.542041224649283,-1.75037907484239
126,0.248364094635976,-0.100897906389194,-0.490384121819026,0.572349795274208,0.260213155236318,0.31479517836758,0.620666133933494,-4.55077164597333,-0.443420698690121,-0.156750165833753,-1.17340111063224,-0.55275140800229,-0.777532578121855,0.541095379269372,0.478615088232897,-0.209945412582761,0.974353775905816,0.414282859243089,-0.82197159432981
129,0.688878720852976,0.13379170231064,-0.112042963971674,-0.82737738056842,-0.0836035403179539,-0.72133666867136,-0.11123768758966,-0.66414625996194,1.102328374725,-0.142761544199935,-0.493986412801271,0.241673613567887,0.39644077483146,-1.91846404190687,-0.302507634724061,-0.0065010554009732,0.397485597221622,-0.558576216140063,-0.0664855081947978
133,-0.11499631653047,-0.324330497573801,-0.465271748083095,-0.827105643271216,-0.552376694185952,-0.414934700200266,0.00498591721090582,-2.1674711727259,-0.165548182244451,-0.274748721146835,-0.860814529021888,-0.569269011446783,-0.324645484971617,-3.632022347102,-0.230004577796266,-0.206483258455698,-0.585747927152087,-0.630443553687721,-0.597794990909817
144,0.69258511589137,-0.0760546112365676,-0.545527475918035,-0.719510050665987,0.0037395030241532,-0.193245385115517,-0.185480157829237,-0.995092987093785,0.0868565616591625,-0.372143845923494,0.8450769276042,-0.795376680262558,-0.0811334678778972,-1.06764128835847,-0.773412976978051,-1.06617847239747,-0.816423311847872,-0.876378714504195,0.297287021171767
146,-1.55160261784816,-0.795595662094936,-0.765625733833474,-0.493980661549008,-0.301196373659272,-0.437413369775741,0.00339766441995258,-5.08329127513552,-0.643533625528019,-0.360550209669751,-1.97219275892704,-0.571804831634257,-0.946960331530315,2.0831421890918,0.0243606474138748,-0.319352844041026,-0.254824896063271,-0.549576232986989,-2.03852590105152
149,1.31992288097973,-0.297811766240112,-0.340243884846226,-0.7735432666997,0.0437904070845765,0.101355058906105,-0.624941280725155,-0.626614782361287,0.562089907268965,-0.246263534132557,0.663749521096576,0.528657789630432,0.506738562537473,-2.43212148780167,-0.220341712536924,-0.24404692807431,-0.128799752182179,-0.546998541048696,1.04421532970684
150,-1.3860214571906,0.132709065194073,0.0125264992052312,-0.345420768159368,0.019382907394148,0.388624780766807,-0.662228777848668,-1.26364389674691,-0.404012008596164,0.405197972872089,-2.16389354784146,0.0808816571974534,0.481381825408197,-3.62924972421642,0.0333790678328382,0.196513742387543,0.247911677646802,-0.41714683295854,-1.99807368677846
156,1.91754980104398,0.496860548369002,0.497854582570997,-0.313613729861181,-0.251629860603159,-0.226439691627838,0.0919610519921012,2.11395365814924,1.24485431136321,0.458250361668241,2.54031489613485,0.99897077739376,0.46225617583686,-1.1511804425225,-0.284335747460519,-0.291628437999384,-0.366980334477867,-0.394131063628388,2.3579492090823
157,-1.49647011821846,-0.178792377541682,-0.232987511913496,-0.0453759509806391,-0.355324393820978,-0.0272986885337015,-0.454781254383192,0.537409208546856,-0.167874186766079,-0.13762874476735,-0.259159960283442,-0.998181333101948,0.25061169504988,-2.4527274308702,0.164446633932543,-0.361688617048253,0.691521802854408,-0.655204655753822,-0.863650057540357
158,0.917677153328809,0.740645078630636,0.800117419550213,1.38495671310639,0.81439089147137,0.712345441714198,1.15712669653056,1.25093291395626,0.594226736642191,0.695299699070754,1.13501209905672,0.52642403803252,0.630613810758076,1.44780195950222,0.671478960892673,1.06766059738551,0.598883932362875,1.40949461450512,1.52581072966412
160,-0.0748127341369934,0.026846578509692,0.306412033255007,0.170892024382462,0.336101150170924,0.071618932853678,0.374825702351333,-2.41441640288978,0.0214925439187913,0.127072225929747,-0.706403893376756,0.100830733866336,0.183937667087849,-0.845321696241683,0.0267102017942306,-0.423821805268468,-0.230916823576852,-0.620664067011659,-1.37579013348428
169,-0.717814620965145,0.473522769369877,0.843789697368715,0.702832387505358,0.278739208921956,0.273014582483309,0.607636156458893,-3.2972283913412,0.483024787994276,0.495598286254217,-1.99292152475505,-0.144754044420138,0.673871914434009,-0.638097383033037,0.716885229809413,0.463006339472941,0.524767014677475,0.197278273257851,-1.75758751851184
170,-0.969437374007393,0.197548400228513,-0.225819109930103,-0.0637095124461266,0.589013194007859,-0.0558414062454914,-0.535132302240836,-2.47458122449667,-0.588702502760991,-0.00854169005462075,-0.938941960950456,-0.656334863738525,-0.577182542401017,-0.179193227577769,0.0534683237400304,0.0540796843295319,0.307060348902753,-0.0201663757048343,-1.13071164152531
171,-0.741969602052729,-0.160865978013876,0.473523455448355,-0.417532990142844,0.542654735438461,-0.377684272336191,-1.06615554421524,-0.569023088830268,-0.278146830324888,-0.195612005706004,-0.536627063190417,-0.445917758178566,-0.424279547361605,-1.74814955700368,-0.390493629547818,-0.0635021338676014,-0.163728559177812,0.0599120175085399,-0.596449392974782
174,-1.09051485614774,-0.0821371936589088,-0.404634003810358,0.197731833371091,0.59115634381539,0.0656099538904454,0.26599298828312,-0.61575914060179,-0.957399693773698,-0.19662825986199,-1.90902681778108,-0.548662884403141,-0.902966404749661,-1.09350847310942,0.282382355793405,0.380373651418714,0.471813401942795,0.650474592060334,-2.31105032068207
176,-1.28937635330634,-0.433727047956869,-0.731509532069527,-0.422517065041345,-1.0032227071878,-0.668028661872895,0.536889978873612,-4.80780597197857,-0.913805942609568,-0.436117095530839,-2.48651167038149,-0.715644911329465,-0.980557173004762,-2.82118096980976,-0.644985626266813,-0.791412232604646,-1.09216764912611,-1.07081397172834,-2.42142545088846
177,-1.8499336624237,-0.653652618082503,-0.803813717786067,-0.105783863905669,0.296768342587137,-0.285830026625867,-0.815440460117169,-2.57876575062112,-1.48454857043145,-0.862338835769686,-2.2723816462584,-1.15636515366804,-1.25327264774176,-0.623627298385447,-0.148864392118341,0.176285219975182,0.172791019786104,-0.440646742055527,-1.86650803078447
182,-1.94362435128662,-0.621274722614512,-0.510480844247479,-0.825862576281272,0.13833352574476,-0.525950656341187,0.422178481750262,-3.79486338233404,-0.91063035042807,-0.635700135301014,-2.5231126974327,-1.08748262217127,-0.430836074479872,-3.4167842020179,-0.374174471205158,-0.610476081761123,-0.31333735909834,-1.22512831359496,-1.97618535713965
183,-2.62219022415728,-1.27433106102173,-1.20037396735286,-0.433114637926644,-0.37628467362941,-1.03857731528211,-0.26094366370893,-4.34917589420223,-2.3388963390309,-1.26420034894795,-2.91794501212519,-1.90467844659356,-1.35901944284547,-0.0500827656294246,-0.349611651404153,-0.849504967460586,-0.516850985095266,-0.277659335314277,-2.6094896357348
184,0.869642821470545,0.424367918329732,0.148605218900481,-0.379678531777956,-0.174793734956837,-0.157140633932757,0.508390199222677,1.65979589567512,0.0447477393990217,-0.0184546020265645,0.550204549030946,0.185557050153811,-0.0645935417741786,1.33267036801691,-0.15493140537867,0.615505644089625,-0.70834856151504,-0.177792327099948,1.15746058982717
185,-1.13230999105491,-1.12895542528369,-1.06399920570775,-0.723329563097091,-0.913575860389356,-0.981597455871985,-1.17906081631903,-0.404485318159622,-0.971264494516415,-0.862576354980726,-0.82015065939887,-1.11089704293357,-1.59197276395904,-2.41692091307134,-0.532522496498856,-0.407638054523709,-0.950331347638876,-1.01771083878667,-0.612345588646188
186,-0.725522157477796,-0.177858781758593,0.181928678403153,-0.159059698081894,0.619677393458758,0.0202213207915564,-0.466228280348269,1.2229471596281,-0.319590390106003,0.0132266860821025,-0.0677095119992368,0.118495915519914,-0.449439706088963,-2.07636854370313,-0.00811833480292358,-0.204405643386891,0.180227862064544,0.535624593431479,-0.098121637327636
189,-0.718295557813766,-0.66004778709568,-0.860816881458843,-0.982639873655145,-0.378382464880366,-1.28209876895551,-0.394006758703616,-2.82387530686381,-0.190690538624958,-0.880821321210588,-1.28847350432765,-0.873776035830589,-0.692371771282828,-2.33571016058275,-0.621027003750407,-1.06809305649542,-0.217446914391385,-0.749556300616327,-1.19725973081581
190,-1.08577996047817,0.178937687187865,0.292527458842989,-0.0681992904300193,0.215139304059853,0.234761546494834,0.865692491828926,-0.904935082580206,0.33988908953637,-0.0580921380958787,-1.0555187401906,-0.0349100754659201,0.786670590486042,-1.33436548356173,0.464331502578831,-0.2293673157799,0.432922079097475,-0.277912299570115,-1.42460504609677
192,-1.88899319991124,0.448582881011518,-0.00493840297313342,-1.019404072316,0.34618257110464,-0.414733897819747,-0.0135301897966446,-5.94626647735754,-1.07371817390284,0.412798253845449,-2.48193951583306,-0.316930924760888,-0.608198810936097,-3.2071366809746,-0.203400202687745,-0.648022167434046,-0.474152001404877,-0.222266493836064,-1.96715245185103
196,-0.98002835950783,-0.0972717889141107,-0.237918674214635,-0.93063504973891,0.303802220171185,-0.369028967157265,-0.478600523254744,-1.98928402239205,0.281772201364044,-0.2978035864187,-2.31845974426056,0.532112859039804,-0.0118996389178253,0.471079368454844,-0.0953688580009747,-1.16002294286754,-0.253653819537477,-0.566730784440952,-1.79342921320849
200,0.807001483757429,0.110176995507789,0.188416084314388,0.404424499497588,0.47500459233708,-0.0565221788173362,-0.267944325237889,-0.141682134482719,-0.173246543377669,0.505378753473029,0.165901573255435,0.151443667338596,0.13037126508497,0.03240170941514,0.167945410678677,0.518550708629803,0.133841892200532,0.253196527396429,0.00929434257573435
201,0.165862476646832,-0.132164553391457,0.279325116891331,0.265182905615919,0.298904630293787,0.0894918231707618,0.155991248593019,1.35980737888635,-0.0356713728777796,0.15509583935944,2.08911711766539,0.0432674114611805,-0.305730473270022,-2.70204578961266,0.208886543585619,0.512246758437435,0.565566710712089,0.275033600000899,1.34451594377791
203,-0.236133543248089,0.0196300249583806,-0.112579832463946,-1.16388330757444,0.365777190377295,-0.549447184452135,-0.764205139006926,-2.60517195881724,0.657068613736223,-0.281135271621215,-0.497413657457349,0.135514401111825,0.240802818160704,0.556565303296431,-0.252704834302767,-0.305822047738505,-0.467191462928627,-0.74456384143203,-0.868666303050676
204,2.06893087862986,0.0714585724202734,-0.0952447053825801,0.312093594643973,0.183032523607393,-0.211746161716898,0.0486900964305353,-0.292176573206663,0.902555450100676,-0.10062789278406,0.680967737472183,0.688324867424884,0.523635386542415,-1.82837860284975,0.281983041114292,-0.129260410373357,0.0404194138675673,0.271428689216405,0.511508818313051
208,-0.654615580090086,-0.422905173368025,-0.461308689628861,-0.29131568767772,-0.634893481675311,-0.179510138131239,-0.975255965468838,-2.77656788557947,-0.642819974850249,-0.445883910271635,-0.837354178303198,-0.569768633015985,-0.378795646345121,-1.84431851236157,-0.743954997276054,-0.500835231510793,-0.517980282006675,-0.24999199522175,-1.200579559757
209,-0.702961025478926,0.0162261675714533,-0.00730726251914861,-0.187098026868506,-0.691271334290486,-0.112385222049201,-0.241840203639443,-0.548950873966022,-0.1905456000928,-0.139746486782314,0.62136518529702,0.0490273795999169,-0.832054073318334,-2.06692307333586,0.0765335350392678,-0.773683887334828,-0.608619737826905,-1.08486991922723,0.524874641605836
217,-0.351007215569024,-0.106864760837204,-0.123131179493154,0.518791798480485,0.338605736558885,0.155754032150147,-0.0325211474808504,-2.12983391897181,0.143811803283982,-0.076808415862557,0.179040061799363,-0.292126275027439,0.0554395335842177,-3.65380122218314,0.0932788683301844,0.199947269065186,-0.476860429827393,0.165397157249965,0.221282269150818
219,-1.78216918752401,0.658021753218582,0.889104660696214,-0.654329339740056,-0.562561697902146,0.249726078298673,0.0584930212583887,-2.97011984852545,-0.157712006316066,0.24251527784272,-3.23846514292668,0.0741033438779771,-0.0700789296838094,0.04519681755422,-0.342659659211885,1.0685982145096,-0.490032028069946,0.124095878239865,-2.5414514467743
220,-0.240495950467156,0.173670712490008,-0.91694061710475,-0.00907392711174526,-0.234815384070134,-0.484319269245893,-0.444517440155678,-2.5389319954671,-0.14284671961037,-0.372650513816605,-1.41581429871929,-0.0714056551553067,-0.207405099528654,-3.01293680021104,0.0670034892053845,-0.114429784901616,0.61154237760662,-0.246995080290143,-1.02302847338232
225,-1.76412124248179,-0.59930881314907,-0.91065144128762,-1.05194497555791,-0.501466575164989,-0.74051776869273,-0.639229550108044,-1.79091746002728,-0.994492460094172,-0.547229385671885,-0.570386919582858,-0.226704135272406,-1.21643281546464,-1.18709195129786,-0.604842413780246,-0.459199018644924,-1.29829093227837,-0.732204984545649,-0.748808356941442
227,-0.880712769625964,0.546079444358672,0.38466929975496,-0.142840270357057,-0.227736823457805,-0.527404491794333,-0.460856931687614,-2.4372594438728,0.130406621163905,0.000878410869445091,-2.19893324377427,-0.154390916185565,0.921815227923033,-1.16513403499013,-0.383240620347964,-0.181968436392266,-0.289380723477236,-0.239086374899967,-2.08841358473863
234,-0.785244054768322,-0.848576334835725,-0.879575754768396,0.469144077418518,-0.532768634996783,-0.492163220457191,-0.140291969558068,-1.19419803253905,-1.52817693442452,-0.995401262034042,-0.358117972475153,-1.73103049544136,-0.806480681616863,-1.37287762309126,-0.300299756228641,-0.435371922360779,-1.21758529767485,-0.932816380106511,-0.510268864368506
236,-0.0017578512472807,0.0727334108056823,0.164756024389902,0.0870911310035471,-0.521169758081483,-0.25948960802455,-0.280019927678398,-0.0957558183029815,-0.331045799950956,-0.0755469509242955,-0.0138981720473957,-0.232685058450546,-0.144027633810334,2.10006061139279,-0.0743613327672568,0.40673469491954,-0.793773165675162,0.228850832350285,0.0425255246197109
237,-1.2780065212224,-0.575698009051868,-0.662419041111707,0.0158717866837857,-0.456500993551032,-0.644554352803876,0.953824733015625,-3.95716986546538,-1.15058637328902,-0.626036457350547,-1.44619939546501,-1.91193351313046,-1.117800063143,-1.57413901765111,0.0779477611362486,-0.382383663464873,0.481340914622549,-0.271515009360858,-1.42913389931383
238,0.108774571678589,-0.775204759425004,-0.712035533567006,-0.643360490441175,0.596498578877836,-0.710972680667612,-0.0981708827693098,-1.27990994978346,0.0618253172836748,-0.809771261987284,-0.371505035736445,-0.0678519339558701,-0.637388057421639,-4.2059533825682,0.142971709169036,-0.648087129018633,0.240468943318437,-0.592038983873215,0.0388688862986658
239,-0.965725990762828,-0.430206994816273,-1.09621410840953,-0.0856786162211875,0.0142924999531347,-0.525491506450055,-1.08454909383606,-1.85101470266204,-1.46250136109644,-0.712111990233461,-1.10256618775535,-1.67262363471392,-1.12035076301158,-1.37977452016342,-0.482649991878092,-1.05124386111069,-0.440577323996607,-1.00892563550126,-1.48797163536127
240,0.44001871608469,0.469993415636807,-0.00451994262654831,-0.000830800060844773,-0.116894976632249,0.322403300606897,0.597759530543426,-2.62363539666433,0.0482627755170198,0.217854962101559,0.824855232242603,0.503029785805845,0.337610402976285,-0.266737758627977,0.414617595810954,-0.295860547775468,0.0803875714689124,-0.407393366495838,0.22030078182351
242,0.860376136283087,0.84236799728173,0.770071310339632,1.01162419279519,1.20563918963437,0.848450137503681,0.448709996176511,0.464404291943774,1.71016912496514,0.835435521700269,2.03127267397728,0.88000788623223,1.08494584172949,-0.596807884635187,0.239403832822746,0.512044589351303,-0.859737662588887,0.679842182410027,1.63941069173317
243,-0.987827617011556,0.390684101857499,0.547842840281404,-0.773749110819448,0.1695299188467,0.0465121893754658,-0.905698289815806,-2.21072109963571,0.92132963394955,0.193098516978354,-1.21725571807999,0.157481688315624,0.708972050275447,-0.841110941649619,-0.42390846512665,-0.679436096328334,-0.56693523062882,-0.908114230847882,-1.38496905626437
244,-0.95528135561603,-0.70268743556105,-0.824455810294017,-0.735809509268945,-0.709873259381375,-0.187564117852545,-0.0748825251511044,-0.969524592602088,-0.410540728005015,-0.871686782499343,-1.07080456920038,-0.103942760062498,-0.628814678238991,-1.45691675738502,-0.31131147734607,-0.0759271395677113,-0.328359187402235,-0.37270173308394,-1.05160758802044
250,0.832623769197786,0.971293880455233,1.25416715771258,0.948668945316835,0.532274028053039,0.197379181892525,-0.398416092245086,1.64417117176156,0.628472174235744,1.10092744469188,1.44400840128834,1.36475319686993,0.716347142141137,0.54540023223129,-0.131401313401778,0.0168255526964772,-0.31455740486205,0.384220443111718,1.31029153474967
253,-0.477672068743559,-0.705851537257791,-0.896501152987398,-0.0926405009491163,-0.144173260480848,-0.492038096732664,-0.627029183294002,0.592301467515829,-0.537966352412277,-0.589816346662538,0.233182440583005,-0.544871948157684,-0.871953158266101,-3.37361307025619,-0.298331858043244,0.0919921088251966,-0.403574135801708,-0.0594584938256099,-0.881032737478935
256,-2.09100430648102,-0.387631145257458,-0.372868182772389,0.175836757765333,-0.560958104761124,-0.675134505753515,-0.261169303407525,-0.4108604325602,-0.745492639967627,-0.349876068996282,-1.98794301467836,-0.497345108619558,-0.357281423464312,-1.40948263633043,-0.615105678729822,-0.805119674807595,-0.238830456676719,-0.419473525318724,-2.62459886925562
259,-1.16708386422634,-0.270854273092538,0.2898626247845,0.126031960390386,0.293462616316863,0.70631938027067,-0.0537629922353299,-4.13977571775928,-0.322853006537076,0.0543941229893527,-2.15927849674513,-0.346633472141228,-0.104478948417939,-1.48345757829176,-0.200727652939243,0.134842681372805,0.120057361680369,-0.20479915761078,-2.38071651416583
263,-0.817296815088961,-0.284400560161004,-0.173260190209635,0.12194084625588,0.0522316049040622,-0.00788844618387826,-0.83764358318007,-0.128472846053966,-0.376360133481195,-0.510066785179212,0.959761794671408,0.0300225490480193,0.0423107190816879,-0.970049792022,-0.46473373292475,-0.328152015607049,0.0305117914029676,-0.445668972857657,0.420331732494007
265,-1.15655811638718,-1.19974776379462,-1.94414902962271,-0.704997008347519,-0.357806324379806,-1.07787034111547,0.0710379228720383,-3.22089461352054,-1.6758199178282,-1.45667784226985,-2.18307420428623,-1.09297723142927,-1.31498591401406,-1.55135221007229,-0.106764237647925,-0.900779870101079,-0.499913883883635,-0.501542730411079,-1.66503510036515
266,-2.06106154908253,-0.830278124156419,-1.1846470695692,-1.23882573062303,-0.636061956437685,-0.733345498682783,-1.67629180116821,-2.93191125753493,-1.82927139137337,-0.857943691940058,-1.9525207179379,-1.28361475247768,-1.47886076265869,-3.69416667366997,-0.573600758364794,0.414677972825314,-0.157314918983151,0.00125653819290398,-1.39875189289571
269,-0.135405867480213,-0.321348108106713,-0.541402227009658,-0.613448972697936,-0.603029828678617,-0.448277568872305,-0.75446715018656,0.943962398943371,-0.374071177427241,-0.298442210240633,-0.646378242180065,-0.786995663369671,-0.93133645950301,-2.09882435181448,-0.674816022664081,-0.627374221339179,-1.15382527552739,-0.45129994034974,-0.20189576686841
272,-0.312457624182184,-0.752103844062976,-0.9940966232783,-0.184732986808553,-0.409424433693429,-0.286531238110426,0.113848922640353,-4.30076885231992,-1.26532038342464,-0.766709144043673,-2.03312019932509,-0.981449900942629,-0.967018650236895,-2.48260314132938,0.240446046255068,-0.879528027734239,0.137065537298738,-0.357376893774552,-1.1648664863557
273,0.117594996236025,-0.576276279958024,-0.174740192278419,-0.863924478508273,0.4558392937621,0.201951871397606,0.0126928322448524,-2.30459336191614,-0.65701381558593,-0.100058944034915,-0.628321846921555,-0.521658154898165,-0.185769253348541,0.599668801028811,0.185433612657929,-0.0749816668250126,0.849820920361054,0.313467342884826,0.164223709186442
274,-0.301196003386559,0.0228644453246871,0.122109342178274,-0.0113914849506413,0.495637899084129,-0.206256006354249,-0.504327088184342,-0.705858443024929,-0.295348202124146,0.133374111475554,-0.0913538362921783,-0.425434174508048,0.263318940573116,-1.4097649223132,0.0574987100247337,0.381770741531682,0.104455096008863,-0.0456173939151435,-0.0468392169652782
276,0.102113715294702,0.225424603040489,0.0687952784785481,-0.390891025483541,0.00386691496174711,-0.0584419739547445,0.0418026039747209,-0.548076617083649,0.547544090479529,0.136156137246025,0.219619066528452,0.0469112656764954,0.665891986570761,-0.981895437531986,0.209604419081141,-1.09167546053788,0.555363490232119,-0.828220643755622,0.0750581167735682
277,-1.11604800557421,-0.865667725274483,-0.900531975438188,-1.07007880307799,0.236333871434851,-0.462938901933412,-0.0115952502561715,-2.96942473718988,-1.00532213098508,-0.9128685587774,-2.1020630849056,-0.829485315944978,-1.38486900807903,-3.70700864683738,-0.237429420861926,-0.0358533622422924,-0.78175993756251,-1.1184930262442,-1.15315554823344
278,0.92864908625447,0.360393831422514,0.563887700888569,-0.228898798707325,0.38607305904915,0.607742909162091,-0.0840223476993592,-0.779118636802193,0.453830786255991,0.672688469254453,-0.092978243917991,0.479894834393986,1.07795178450932,1.60746739994819,0.495300554365263,0.300113466969762,0.574752681810502,0.237982656714378,0.818779427775961
282,-0.305387704681571,0.127423507531507,0.477917738855531,-0.574071798648713,-0.0260446447664896,-0.0863105472581713,1.03295691146804,-0.447643944721881,0.0959333081661464,0.100347885021577,-0.372720049740165,-0.2131040142862,0.419036971105898,-1.76987226011818,0.254076889070157,-0.399568300201756,0.497028945721984,-0.181129334138803,-0.508553621531916
293,1.03173300133732,-1.1139867926434,-1.54703080097535,-1.14929296705746,-0.295531060406782,-1.07559194944203,0.237872819152668,-2.04241568158772,-0.989813984383712,-1.15856811862252,-0.426967951232921,-1.63669411555321,-1.42656401706977,-3.11922802770813,-0.380420944408536,-1.24697308486475,-0.45886721006881,-1.06927744622108,-0.47731634244982
298,-0.0621708888879113,-0.402207574102986,-0.567557213272815,0.288462271033895,-0.341414118481064,-0.298810202710811,0.272318869992828,0.0517854677361993,-0.35188588383304,-0.0851147195034298,-0.955774908131187,-0.366539952810627,-1.00888219880103,-0.161966924684069,0.471798360532372,-0.215672886379538,0.151465724205419,0.0896078644324356,-1.34776952369675
300,1.3213548440902,0.998876832072186,0.973016758381619,0.14109411993936,-0.173111606256603,0.895570482467251,-1.10637379741235,-2.03455772716041,0.898017945009406,0.665041819274193,1.51966085820626,0.614109644661724,0.498846283026702,1.04298766264015,0.122265269622454,0.536271795652001,0.160772318686959,0.313646019197958,1.40711542435369
303,0.0455782220780664,0.35123240924243,0.124646820573206,1.42399550040467,0.134143412685323,0.555706342407265,0.669722693528877,-0.219322284981143,-0.159651340299375,0.376753035821325,-0.696325897123445,-0.975010576971004,0.0224765234426516,-0.493223794087354,0.563766986946732,1.36632310570296,0.582861228659372,0.95937528329151,-0.94380758280569
306,0.41650168268018,-0.460734398389758,-0.217814214536434,-1.09718823807887,-0.360641959771549,-0.826387662886245,-0.844531213321419,1.42441148323472,-0.636981947181345,-0.287838005036885,1.22402446549263,-0.461386300730631,-0.231639046946867,-1.15298941255219,-0.507818056638118,-0.382571259139951,-0.218362451482004,-0.843346163845816,0.980915273212917
309,-1.28908075357073,-1.56423432978973,-0.992432693082059,0.191164031137258,-0.725366697119889,-0.940048796353652,-0.673436878492386,-3.11233300176794,-1.45683190106624,-1.42227866477045,-2.11307415769172,-2.15578737554808,-1.76496511099134,-2.2328445378384,-0.522561253132825,-0.523454575087398,-0.67872951400474,-1.01444461214955,-2.43773388560277
313,0.060996424050111,0.307637934936665,0.0201431144171702,-0.929144511199191,0.0667809015212162,-0.58032245114428,-0.192556600174672,-0.42657713353235,-0.750984230089078,-0.113811411420887,-0.0219244416895373,-0.79970180914675,-0.318573965049643,1.67424464381277,-0.106661046821757,-0.466027984879152,-0.0455943867005126,-0.478400264832965,-0.218533592694309
315,-2.25726186872436,0.0360750197361714,-0.355038380405648,0.0148310818809537,0.461858089073496,0.266217210178041,0.0417067647603155,-2.85772056156093,-0.733844472833251,0.139426359618577,-1.76293258715907,-0.254447894960379,-0.774823153358662,0.262029625433261,-0.16368550645354,0.315515345295624,-0.0210812947683454,-0.423245466375057,-1.70102631176026
317,1.16040989000903,0.631784595139324,0.452800194455426,-0.206478762959065,0.227695474079103,0.138010643034172,-0.215874206413802,1.69542237495341,0.685071225989711,0.348016818840951,1.4802603991287,0.393594431164878,0.668640167169063,-1.24769922332542,0.0517744595604776,0.35919960441893,-0.220148568267636,0.447601403514542,1.63507313637354
319,-0.211409412401723,0.145064015430303,-0.146541941882883,-0.66405918089104,-0.293934154993006,-0.252122378673949,-0.439587917256764,-0.116636497726763,0.500895666760475,-0.0430893954373802,-0.577950917998104,0.362604243056924,-0.325093193395092,-1.80638297079781,-0.475718206262331,-0.106238525245446,-0.72686659640852,0.132820220640066,-0.446447442111906
334,-1.03014081775035,-0.59302295375835,-0.273906143243517,-0.813404397298783,-0.132688505464009,-0.10095086129403,0.276846392940102,-3.06725516899041,-0.429108015777516,-0.244975989663748,-0.568136431404345,-0.0512118275129759,-0.485570871879574,-1.26787552475783,-0.208980552969294,-0.0795702112769111,-0.0631061491892521,-0.268757685596716,-1.17152723085004
336,-0.377829364045441,0.374900992407303,0.705320490492803,-0.243069787062692,-0.700152305101079,-0.119039293433484,-1.14717388487631,-0.209911401139584,1.41093030193355,0.225969945918351,-0.643427483406669,1.25724403935353,1.11129825095615,-1.52080507469558,-0.600977328516098,-0.451069724436629,-0.39234674330878,0.00799490353616655,-0.725464030355276
338,0.77327721817306,-0.254327422403119,-0.0481376823433353,0.498191105386576,-0.0510883322701777,-0.09684392131481,-0.398222629816718,2.53582362647898,0.76779567145037,-0.46952662680201,1.83169747203813,-0.128253294169663,0.210804659659303,-2.80625431109943,-0.308744942579462,0.0124366946198249,-1.0736576445119,-0.166466484350872,1.62001135266566
339,-0.250374626378643,-0.513653733782601,-0.978767767718872,-1.52073554960577,0.039414742152178,-0.429223627372736,-0.594382848111864,-1.59319890076601,-1.29675994831378,-0.609695762357746,0.398055972274499,-0.965780839585581,-1.47127968582083,-1.46935037978701,-0.144288502104522,-0.640941473744747,-0.167863657298341,-0.881003296199919,-0.414311140913855
341,-3.0598443046893,-1.35187586354741,-1.53576946799708,-0.957391991385347,-0.158865724747091,-0.817290456537486,-0.791973426614453,-4.68758395119351,-2.42838530400989,-1.54525077298642,-3.46339113572961,-2.14010790343611,-1.42365902126718,-5.46533345783459,-0.616670511473332,-0.436621485309245,-0.562184195753279,0.125501957173561,-3.00626368037952
342,-1.99419466342569,0.037241202386894,-0.289836003073072,0.165622731444591,-0.274423668948032,-0.0850264696796007,-0.0415234642948575,-5.81156902773258,-0.791821838023205,-0.256650249400115,-3.70217774860201,-0.689612693465326,-0.680391924600228,-0.614703199899048,0.149533627608429,-0.0277623068402324,0.0596061412158524,-0.599157855593029,-3.2059345400845
346,-0.99453135478308,-0.34244903896048,-0.24932953831573,-0.349085741892026,-0.317872343459396,0.104551082236884,-0.243413912710596,-4.09752228081833,-0.444379226761227,-0.390857651628965,-2.82657692092548,-0.995933113129316,-0.695199156326869,0.299585024162572,0.0247498609701011,0.890211278679922,-0.104998998599651,1.28748392239077,-2.32949927994003
348,-0.48238340223527,0.264844840789451,0.346411181416227,-0.393795059679406,-0.163734269079139,0.143420033904267,0.813468402350152,0.385710719747156,0.576227172216218,-0.00980691102668027,-0.821813751740266,0.799236427023268,0.307926096527789,-1.13237673043938,-0.233257012865186,-0.418164183537716,0.254610014266627,-1.36349778830545,-0.757962175931836
349,-1.86260925477839,-0.648455356203661,-0.938047500220863,-0.169287807618416,-0.600540137293903,-0.946364787537768,-0.696409743225826,-1.797997680497,-0.645512835035603,-0.770887176205033,-1.91436786053526,-0.657179315230182,-1.30109954608713,-2.20575115703662,-0.503710753692435,-0.0765074003583521,-0.62955675902801,-0.00864618260590785,-1.44780850941934
352,0.478857277197486,-0.345250802182619,-0.653309947337344,-0.982255696529014,-0.372448596951782,-0.241316772046093,0.381181013245398,-1.79461781705319,0.349138247449302,-0.049876568124685,0.203498883553152,0.427531418195365,-0.9580645629115,-1.81467300167395,0.171612154190519,-0.333643026951217,0.469729064299801,-0.772285806848116,0.354630831287843
353,-1.50334325986753,-0.665005511445863,-1.09708362449897,-0.66667008215012,-0.213827078914754,-0.31233833765385,-0.0700101569057323,-1.54387849378467,-0.838781891868153,-0.589990415815061,-1.72849902404663,-0.545675474320777,-0.917755922165134,-1.45810513721,0.264471318579495,-0.0366583407177763,-0.0275075082043065,-0.214321239552733,-1.58328746536869
356,0.00411952134185601,-0.211345828374447,-0.00329818224017616,0.560656823657137,-0.357048365446149,0.373192291706148,0.341681556206201,1.08383314289524,-0.158438581585354,-0.111131605910977,0.0723407304255242,-0.670411668904301,-0.164985631945027,-2.86523075685308,0.36998376961939,-0.131562977672602,-0.261300425316427,-0.258204333365458,-0.0769912496418224
364,-0.0154004311430015,-0.0240653033858272,0.15189997012683,0.793739556858345,-0.368297451353602,-0.143723853149266,0.0306250275702268,-1.53444997579163,0.05636496142712,-0.228705290951262,0.854469778424033,-0.207674179336791,0.194784433190915,-0.87181565646444,0.1235794305172,0.0313458657348575,0.404806258510843,0.0158140279273783,0.669047660409611
365,0.490669336134818,0.210287581245315,-0.322950445631695,-0.474307061386648,0.284865698471147,0.0265267999509851,0.062797269604616,1.0152212478549,0.405286404871432,-0.08252053663805,1.09232249911408,0.427370411676283,0.184989622874305,-0.478780744405197,0.0380653482211454,-0.0436198267882374,0.302753007683018,-0.435154826193757,1.0000654235571
367,-1.77749019721087,-1.60110182477718,-1.69209636592791,-1.37767062014668,0.321252911461757,-0.943253515533054,-0.406749793094924,-3.10111466868742,-2.33857006321053,-1.27816096998266,-2.33990170816311,-2.56395848149284,-2.03343846700938,-3.34654289412525,-0.560139180676253,-1.51890755111451,-0.359121969507275,-1.1922608821076,-2.32890727037333
370,-0.998265336820442,-0.229741441186835,0.0824526942077018,0.0616157270167325,-0.235287275646722,0.339494637248549,-0.374434777396489,-0.242734933110367,-0.346451162017246,-0.065659555460368,-0.675117574696895,0.531718309429471,0.0811546282498225,-0.0529686483881886,-0.00149344437354498,0.253789347707384,0.0734828380416161,0.140918022806306,-0.357134214975309
371,0.197122658301325,0.924990053385562,1.23591370031226,-0.951600128903156,-0.659410263712843,1.32928682851664,-0.236614798012966,-0.845162511918706,1.07066632694162,1.00092375782973,-0.847256075464211,0.723547006059195,0.866962444515235,0.372199064059401,0.323924092478281,0.190665889509263,0.545089415063843,0.176821795800651,-0.919765412427847
375,-2.41506644968479,-0.697588433369859,-0.55054277682115,0.679839160795851,-0.374058065290967,-0.432338262795427,0.759511838802947,-4.98204006905935,-1.1549750613916,-0.547742025110618,-3.58618271047313,-0.961185953118467,-0.963628771777772,-4.02730434732889,0.326875521366834,0.0575875393866736,0.525821852627416,0.375639385923219,-3.90126880327973
378,0.659226578391236,1.02084206195449,0.85861689530736,0.729248968194719,0.0835918209558465,0.9074795216953,-0.0421572124058677,-1.6323692759202,0.733709309981208,1.06895300854567,0.599903091055591,1.0398339054589,1.14966761291503,2.19960728005002,0.128762710014041,0.00840814806978392,-0.291055789600451,0.71209099204175,0.220317073289636
383,-0.526527552487466,-0.0400928915636805,-0.122787149716005,0.0149551322456232,0.0420670643812879,-0.0696852629485304,-0.0801272926999859,-2.1734883035673,-0.551607326121529,-0.231469141020164,-1.31060789442313,-0.918305633471428,-0.377924268363379,-1.29654006183792,-0.548573162904331,0.802897681758585,-0.936975386423481,0.73361000766344,-0.622257951861064
386,-1.28003173338578,0.366658858642643,-0.198473094628342,-0.128955012762011,-0.650521010417397,0.500471847840314,-0.711099301417678,-1.49918768988957,-0.612572977766877,0.0742287691550277,-1.60518352375198,-0.808559900072407,-0.754170230018697,-3.56805459604935,-0.233334513117267,0.526657266777914,-0.0492988911481089,0.428036847763785,-1.49384931189008
390,-1.90667817420781,-0.846022084549613,-0.699312354684207,-1.13721139856895,-0.212247448171474,-0.363587937836168,-0.609320805168512,-1.89987789062543,-0.82797156996041,-0.770463367993078,-0.920524984940442,-1.1563760979162,-1.14291174139765,-2.29669361882867,-0.208746680098805,-0.735862009214938,0.184844169164001,-0.479189434610157,-0.672546589453138
392,-1.17181062584101,-0.608615994683574,-0.631531435927508,-0.141940379699017,-0.343590783365234,-0.343375001745956,-0.441890427967076,0.922815434929406,-0.0634903829490003,-0.620009523429795,0.0934137535166392,-0.0473283201544737,-0.269003456522671,-0.492277782586291,-0.298154988629598,-0.00282861589565552,-0.403340205758147,0.134499264591979,0.150266184514501
393,0.333776618847549,0.00750907496122663,-0.390485113583956,-0.0552604244326655,0.0447310399083838,-0.489703940177636,-0.0754936712899335,-2.34041954015483,-0.272576026548925,0.0734120222449207,-0.0459564061387519,-0.620841323376695,-0.348439771721253,-0.359960630048323,-0.270702682459463,-0.190909032651903,0.586339257674751,-0.364802421233812,0.182187203468167
396,1.51117777414935,0.433348625920179,0.11614314472982,-0.198616122264081,-0.648878674329159,0.247153567688794,0.0901069253876934,0.94369676610837,1.03406296924739,0.34271106808892,1.62732791230897,0.914758623818118,0.405674054544228,-1.71584106627728,0.0462378422667095,0.919895326643779,0.16554340667237,0.345203013680253,1.65530114863284
400,0.0282679293505773,0.226573856466886,0.278803757308631,-1.12835044558025,-0.172326220499702,-0.683631638487319,-0.410617154702192,-0.994132143707587,0.174204737632655,0.0671741703380509,-1.2423612209003,0.53966219290214,0.585332958085815,-0.447290424327297,-0.37787481296689,-0.529570052388962,-0.859244729211168,-0.432680849748808,-0.977123290782906
402,1.37536511571299,0.813955716419752,1.14078039720917,0.333524842999288,-0.216522300377554,0.727010283536336,0.300162224904443,0.14461364901444,1.55626897906706,0.664760440585487,1.08422859511611,1.84599267049604,1.72630006748752,-0.224998175874913,0.618978644217308,-0.243591529529906,0.55835780528639,-0.364802428065893,2.24094068439404
405,-1.15246817938642,0.258942920930532,0.597675168324635,1.07634283644564,-0.0330303196634928,0.661861881147152,0.634295229238533,-4.46797201641592,-0.236371870024185,0.539175808131451,-1.5078228466907,0.102422282554122,0.595118432126432,0.372559504092615,0.0714527897901535,0.582600251116376,-0.69531241672662,0.280341976744473,-2.04031741294946
407,-0.947992385592223,0.0112916823235694,-0.570953546143774,-0.383749195166535,0.526185885774255,0.0218829563809051,0.00523650351114335,-0.652526845594266,-0.276479528459138,-0.311932876344461,-1.15427811890961,-0.212359483896531,-0.573470180558443,-0.712496318650831,0.25622875613878,0.642873438843226,-0.232605620072272,0.55473256450317,-2.12510958134641
410,-2.65903952714667,-0.50443196247304,-0.243095199094085,-1.01066029302544,-0.13760204652728,0.211020151368619,-0.416803492034691,-3.32628221920208,-1.37107216961053,-0.162173143483071,-3.76836131305665,-1.16120023309323,-1.14064750990951,1.52721516647628,0.0509381037103451,-0.536119266871302,-0.27796784524844,-0.50178341552264,-3.92392303576736
412,-0.126631061878907,-0.0570339661881505,0.291635323760069,0.436489401282825,0.14803485482298,0.0554360991870526,0.238334248057292,-1.84678752219199,-0.131866433945042,0.100027259982141,-0.544292999882915,-0.11568399292494,0.140323231995174,-1.2910992391384,0.129207867761816,0.748457029461699,-0.494997334012155,0.48721670010408,-0.199550682060253
413,-0.295772617683957,-0.584020223329145,0.18167435673164,-0.226144066787259,-0.937368112010828,-0.319294712896408,0.559089626474686,-0.344070862887305,-0.0994474954849164,-0.311092813213799,0.817395650049026,-0.377216408226977,0.0808030585528601,-1.4231144193058,-0.0470608666630731,-0.0960146133555184,-0.434633492384313,-0.846160096565257,0.127631186947042
414,0.0334041943329341,-0.115685598274506,-0.118902975727216,0.694734120028936,-0.0334992438566881,0.101424112537105,-0.148406221893389,-1.94949515814555,0.142704211924244,-0.10502525327171,0.0649032747902655,-0.174424916701114,-0.686469615789116,-0.636057830170179,0.114742339309249,0.0658387667897393,0.260823789312657,0.245234798634965,-0.501882342999568
417,-0.795279609014961,-1.08625481986949,-1.57259443702127,-1.05418207332271,-0.110686903583998,-1.36086971760153,-0.864786373389323,-1.09415329716804,-1.36237175416419,-1.15776049722556,0.162717730516807,-1.0628535572258,-1.6634378927688,-2.02896202555063,-0.915053495360071,-1.50608003061658,-0.960161590754659,-1.51355708100265,-0.436281073649511
418,-1.28951464220754,-1.02308101323386,-0.83560910401645,-0.118662014686192,0.430660066751635,-0.992389193927036,-0.315463042147945,-4.38558067927447,-0.786663892533055,-0.880776507361316,-2.39990045172176,-1.50094517853792,-1.69605862289336,-4.44075457666778,-0.354564622485943,-0.402779058786698,0.140408561866293,0.009440887294512,-1.99881981626936
419,-1.00222961657144,-0.577077232004972,-0.571052315433503,0.114143826975481,-0.645140253985523,-0.441451677982944,0.163678024510327,-3.3722660348264,-0.929945006718409,-0.762775079967758,-2.0828853099368,-1.16550101136321,-0.494415884681215,-2.06427716983305,0.0291126575056127,-0.246489891438777,-0.690439670518761,-0.58243282166755,-1.6186425534566
420,0.178988815769162,0.365142749914495,0.267173360896795,-0.0806734958876841,0.1072433951313,-0.192518415030323,-0.654609984166248,-1.39543054753179,-0.00684022423250332,0.15399491229013,-0.718350163748749,0.850366946924565,0.488482688691519,-1.89981822934828,-0.549228431885276,-0.0445677485066757,-0.489632087138001,-0.165986851746892,-1.41084326514718
422,1.51526771630508,-0.0659672098982424,0.167033989557601,0.304221180709777,0.0895794617775546,0.431811122879694,0.371847503399395,-0.488107263394327,0.320460846266659,-0.021754862042327,1.8138016780834,-0.0519335989385465,0.0249447160138422,-1.74300027256906,0.169531768988065,0.572411063837739,0.16519671094613,0.0209401033461548,2.20613449364489
429,-1.80843145563278,-1.05971934997674,-0.982484378862414,-0.698241034794166,-0.627608910218004,-0.810664836586276,-0.480889590141744,-5.65627318095796,-0.935665158181387,-1.09137576803916,-2.25235362332553,-1.08778523596471,-0.705842040870522,-1.73349930360997,-0.665413586020762,-0.0112280112487097,-1.05391941213628,-0.451629083733597,-3.01719417202391
434,-1.15554146609139,-0.759832440250916,-0.619940339557437,-0.00631016924035611,-0.420130392777113,-0.276083916019405,0.459534379990821,-3.25274513900073,-1.18629495667536,-0.679661414001475,-2.07532474374099,-0.959210435923438,-0.530798867096082,-4.15663607372019,0.564625174111487,-0.0293504329580706,0.789474862781253,-0.42622068437899,-1.8499185938628
435,-0.589268498416857,0.0855735071261015,-0.275177044132048,-0.576850082480976,-0.192887946863522,-0.453032840284613,-0.242757059390634,0.595918421962966,-1.01802574243073,-0.15339515376839,-0.00476878614417687,-1.213729038413,-0.234047980771794,-2.93266904153469,-0.102403917397014,-0.38267739981546,0.168108954614432,-0.58335012758477,-0.150703953562014
436,0.350390204082806,0.766206628029835,0.488401297386552,0.767290623521891,0.542668703139527,0.676927225703107,0.860284588655459,-2.07922684362402,-0.159494933759267,0.707013619502783,0.276397797013599,0.26422427254721,0.261409089409959,1.5967286339014,0.967815117060462,0.476480619116938,0.639003726172941,0.310287307020198,-0.357125153053505
440,-0.00724269559133242,0.345254916181695,-0.0214604080873831,-0.304864588935384,-0.222518965460048,-0.0402110588389055,0.594083428326281,0.558596103693886,-0.163763579712674,0.310567875067745,0.431095138853126,0.128859153817881,0.156100784252819,-0.588761459575063,0.106462419265763,-0.541201235587093,-0.319922940525248,-0.443438634601245,0.0357520527693752
441,-0.272422630775468,0.273886955318415,0.188909413409802,0.230845541820252,0.0573731918620863,-0.0107948371516951,-0.678811721258037,-0.574665832513575,-0.440412037406581,0.440572966020897,-2.16873043494695,-0.517722154761993,-0.763896190600305,0.0992265259541438,-0.362181570272794,-0.402022645993055,-0.119304291643712,-0.446518944252909,-1.69813399279337
443,-0.395770107546843,0.284301330917939,0.211388166793993,0.121947018497935,-0.00661800124691313,0.242751634570495,-0.0537127139977055,-1.33820489787992,0.201909255367358,0.227240856648263,-0.0445302980143725,0.152526300149924,-0.573041349953771,-0.897346238391801,-0.0504050577893131,0.395974027494687,-0.000128488061180044,0.394910964449773,0.0962770011308971
447,0.136911048222591,0.082145097016447,-0.0337495529211229,-0.242931701968511,0.19963510816193,0.155480869662877,-0.0547560782075128,-1.58957847996126,-0.283731815625293,0.309621560403708,0.637826143229121,-0.353711553387742,-0.547927399789698,-1.22429657767068,0.0138023714074173,0.255943909686941,-0.793818054428572,0.119518782686866,-0.329561629561064
448,-0.569325446480333,0.338999716463292,-0.251109736550948,0.383480632304629,-0.203444177249225,-0.284524645652419,0.334795069851343,-0.586498275515479,0.421644554178428,0.118056505873148,0.12300753424285,-0.159213284118143,0.427875304951709,-2.13395143452688,0.362372463930231,0.360179583351684,0.450795234364341,0.161184054553659,-0.285007540542086
451,-0.66753636716264,0.125013372149493,0.542839337688734,0.355849234077596,-0.26230982120648,0.171463775302273,-0.490425088072084,-0.516550981382272,-0.132199175933545,0.449915169593986,-1.21031614823711,0.0342845602954056,0.52633484809246,-1.07188364200623,0.166473955679208,0.275902419615802,0.00736552719445867,0.4560730336601,-1.14490291973136
455,1.79560879769558,0.673080683858487,0.951046671836969,-0.264393283312001,0.339903271919946,0.202891842657436,-0.169986347893024,1.42509423910386,0.782428049222988,0.780699722490849,1.26447419661408,0.823690969362721,0.932191914172376,-0.853032780038445,0.395858825654844,-0.0867313360111637,0.607791520335595,0.276809302598596,1.46907973440646
456,-0.433637571411257,-0.277800798682242,0.10636655335459,-0.490475137372464,-0.336751678937016,-0.277449085689174,-0.281547573779678,-1.4790090238575,-0.217909583293131,0.283578819618398,-1.38681642720538,-0.0594385861400538,0.146328098304532,-1.289143648595,-0.307888946541998,0.0504496026274449,-1.12285234200065,0.0994268045711785,-0.610556632798195
462,0.310697499759126,0.47991932645987,0.540266687236981,-0.260956231484165,0.53486759815726,0.773126616371026,0.00283439581701807,1.1548693726943,0.248423425787851,0.714071659233261,1.70508515365561,0.159195547087565,0.137072698963574,-1.48620498286388,0.17682319280566,0.562204722344535,0.140092952508318,0.261372464391254,1.10555236802278
464,-0.628231545473577,-0.281037721078393,-0.255786947638611,0.00245300577391343,0.185967645231499,-0.0680541134936117,0.0450503372399481,-0.699257386507536,-0.510369801484655,-0.0621154414432575,-0.848900641936336,-1.22037613342927,-0.992984249759965,-2.83174069809527,0.0246681747911643,0.162446469964746,0.200350885591034,0.0956283287436772,-0.25981032437774
465,-0.275901064006115,-0.24139906728984,-0.0956824577904188,-0.24553295227844,-0.204840275848899,-0.445531652131698,0.115531077525431,-3.93923624497017,-0.149700070290292,-0.462352231233073,-2.5212339792305,-1.04184416312129,-0.338920416271383,-2.59698422204157,-0.0124591973829817,-0.696009574610016,-0.231572328517274,-0.427873669783559,-2.07721370202041
467,-0.266877717425618,-0.131106918247957,0.32190609999195,0.632530721370789,-0.127892774123792,0.0861153689914055,-0.593811053806927,-3.15049648246116,0.0530193786976,0.0389000512740797,-1.03319566929946,-0.345438414112894,-0.488766155344268,-3.16458275214723,-0.141589553947977,0.149483089594395,-1.18687034335413,0.265249825370775,-0.430556837677024
469,-0.0561174592461527,-0.436435539847664,-0.368236320433455,-0.107345456694817,-0.0408476332177229,-0.515921433208113,0.715474952401994,0.365994954491837,-0.409717476912261,-0.439593447559186,-0.217799336906614,-0.371219361429287,-0.813779467114081,1.02171614912437,-0.178625914631705,-0.381505535114882,-0.192926160273605,-0.899569908795853,0.560903171295437
472,-0.475944927017454,0.155772015238691,-0.0131678930356817,-0.151536581005697,-0.0651096097281167,-0.243311823466381,-0.149604667378785,-1.52800480143608,-0.250591050669085,0.133061625419546,-1.43213469987154,-0.221238021014193,-0.186533078044724,-1.84038734354662,0.124283911589745,0.074888436970803,0.0846670001860128,0.501673128053316,-1.09027597747162
474,0.533838653202008,-0.0688319563250427,0.235199188968735,0.328339907436701,-0.218509210667989,0.285578825481803,0.334069578073126,1.63761052538494,0.0443675450452349,-0.0119560849270924,0.969916320007945,0.362590212031473,0.00874541575343956,-0.438669922003767,0.285742883118165,0.6345837586663,0.384076075195462,0.589735156771409,1.10610970948896
477,1.49129663436863,0.825831958722086,0.479358827719391,0.152490876965031,0.289862336351514,0.139771746846751,-0.0666947854677997,-0.324768568091091,0.679856025655496,0.653474586363942,1.2878806312541,0.753827170252566,0.763912795536409,0.0251406558141013,-0.0772331931087554,-0.244768952890128,0.346569418792924,-0.264524802504404,1.07306685577752
478,-1.74358951318156,0.7101511648617,0.237669004995597,-0.608736353506711,0.430643969935687,0.311078328078859,-0.0358557552152099,-6.98360242431142,0.661731130688532,0.657629359051326,-4.30326762993344,0.947333829412591,0.983274850305564,-2.80556214077018,0.479419118884881,0.107986438065147,0.653855383971668,-0.228569259925739,-3.07455811919425
481,-1.12713158038464,-0.339380565603361,-0.0173453302386058,0.104326211599178,0.0602645393233176,-0.0699914512130601,0.634180578508881,-4.26780004503266,-0.803742748470106,-0.0282911142082454,-1.75875116132202,-0.564337102749478,-0.587707934412391,-3.26295758741413,0.538323745836064,-0.137988216677859,0.817923646191728,-0.632094561051797,-1.21963980143896
483,-0.440636745203991,-0.012868569442179,-0.00698982505595338,-0.213428945365702,0.628642379728458,-0.288702199796269,0.0254673585638775,-4.0738892589703,-0.179385513694465,-0.168615881796619,-2.55568816796021,-0.165651059955074,0.140492539386346,-2.67353138435065,-0.0772859542121634,0.536126012155234,-0.017981706731716,-0.101631779276821,-1.80899904349284
484,-1.03038775558145,0.252571463295263,-0.117626518620293,-0.199655787512521,-0.182122090423546,-0.236237909615362,-1.01549787824081,-2.34681374427625,-0.377258400168216,0.116766280610034,-1.45049769463678,-0.754263881948554,0.198141077673772,-0.512672580588337,-0.0754863831992305,0.319831074030281,0.485787372856915,-0.363385806314765,-1.96694744912033
485,0.496153207288177,0.506224246220145,0.578269425962402,0.227244107831141,-0.0799381220944796,0.437677609500279,-0.376223438996174,-0.538073367582273,-0.461946159027729,0.583902361240781,-0.70551165900469,-0.464509252949272,-0.139888712968884,-3.51703072983994,-0.1223695857612,0.578368255863393,-0.510780695156279,-0.0373726453929491,-0.186074182290955
488,-0.813863157508078,-0.543082600832939,-0.64448173444199,-0.898651441041895,-0.318339197608089,-0.243723194265738,-0.335074636515504,-1.47013266784046,-0.286015943134802,-0.769166347816791,-1.39146256794782,-0.276039527286521,-0.381503552182256,0.853349818036429,-0.109592772480589,-0.790054952972595,-0.231069558283731,-0.406033125943073,-1.27706406725742
492,0.147309717465243,-0.711575682705068,-0.582381823008219,-0.241627710518626,0.157059840679901,-0.553644128415939,-0.925589423223486,-0.532022924848737,-0.667295324971461,-0.788582802679195,-0.639569944011966,-0.194489492818257,-0.490371548063784,-0.236808216432578,-0.637073891124476,-0.338770361691453,0.142747054358323,-0.787372755356715,-0.560117338900431
498,0.526497835580729,0.949216594148969,0.579213021147944,-0.568284022767326,-0.524156103891271,0.512186354162366,-0.281515444598864,0.203285221683094,0.223478025172727,0.800760776510145,0.246693959924722,0.461779707596106,0.383971673339196,0.407494950974065,-0.0740584057388434,0.556109854503165,-0.247211018336622,-0.0185112716201816,1.29760799823928
499,-2.97484820597127,-1.50194455992017,-1.28121035235943,0.454386263219423,0.444283372335745,-0.766808705549894,-0.243263748355865,-5.78870288392838,-1.83172955452111,-1.24024541687276,-3.34692906227827,-1.81456057733161,-1.47483657128597,-3.73800281925758,-0.139396674122346,0.0358788870468967,-0.833817151001522,0.262788308270341,-3.38612236298433
500,0.146951068030363,-0.152919969308584,-0.455200354692652,-0.30239474052275,-0.398970862689238,-0.453107316444777,0.0968326164357901,-2.22806756539935,-0.676958505246454,-0.165708292236735,-0.983961614623776,-0.284679562165304,-0.68798252356636,-2.76853338561544,-0.219294168707572,0.413270882593425,-0.911302189400439,0.0476522969744838,-0.693521118619974
501,-0.777915283458272,-0.507376526993336,0.0420943011559533,-0.424459273519287,0.404561200812061,0.256732288868037,-0.271085196551652,-0.343797353116317,-0.770557079173495,-0.367566236562485,-1.01375298441138,-0.415866480333954,-0.19803383136412,-1.15960889315803,0.0553621447222778,-0.48846337712625,0.512493893915313,-0.291951868090829,-1.61511221565118
503,-0.566637489814596,0.647201544565718,0.505876594504758,0.393375470342189,-0.156094142212774,0.305281014362052,0.312995690836117,-1.89587291348055,-0.345509978750072,0.891042946258246,-1.4357071198797,0.639750857141944,0.337000094729877,0.108905996383112,0.122430624868756,0.663628995122201,-0.572795744262766,0.747330098458258,-0.8377967162911
506,-0.565236891282398,-0.653254384278983,-0.667199491838997,-0.41183582154304,0.0939150504707891,-0.523616097743996,-0.218152095900738,3.5120235076049,-0.678432806415243,-0.695315156003049,0.260843776830307,-0.456386537593463,-0.943664647603465,-1.07985695603058,-0.391828047622878,-1.03641590239208,-0.687971737155318,-0.91566361050979,-0.820137252600633
508,-0.829091375732769,0.118650350543931,0.0782877554251262,-0.250373418575299,-1.10676374295541,0.695823302287748,0.517316730367954,-1.39676494085585,-0.205304334861106,0.178308088546202,-0.742531932337164,-0.288213062755235,-0.304339066405923,-3.27173818635465,0.28392378240053,0.153377957001479,-0.484373217078884,0.0412362248672286,-0.999689714608518
509,0.337487548256513,0.39366285545126,0.640861339273198,0.0411900765613041,-0.0774078555493802,1.11500716859843,0.0933367065850019,0.255101741246162,0.756254451682443,0.787450413699036,0.0311189439606735,0.62955572251245,1.18824667569862,1.81233182359998,0.0296204044926034,0.854509408822269,-0.0741410766371265,0.730233894481546,-0.203033751969509
518,1.21115521967032,0.430043917874893,0.138772555568847,0.170543079362387,0.0386789141307086,0.327142917275645,-0.137270471431844,-3.46302235676495,1.36051125110654,0.476967607270308,-1.06864703941307,0.413489139714221,0.853654746338721,0.608733359689358,-0.286977124877718,0.361475401234761,-0.604248312212869,0.695847855325404,-0.432225379173653
524,-1.25256823392741,0.271815816987355,-0.405076109665248,-0.0355198107742469,0.247859120440096,-0.223931443471563,0.383939312128475,-0.139440672036791,0.0859321203039506,-0.444996962822887,-2.29255585097366,-0.488162902008214,-0.566794205464625,-0.488293215595481,0.397852781864524,-0.725605149447073,0.0768149995427424,-0.426685603222802,-0.970700208233524
530,0.0613745767918963,0.250243325112778,0.272765850098302,0.369413143618716,0.575339282070159,0.521594476810836,0.275733069621658,-2.97901137421736,0.281925381546407,0.268546504189345,-0.44381877268892,0.142379119782915,0.482488630213567,0.023434053735655,-0.14232258188761,0.54902989137783,0.298431128425743,0.627451985504468,-0.289422166014078
532,-0.064606904547822,-0.23217291945157,-0.507956132602646,0.357083019551363,0.270690508304788,-0.08010104221821,0.763160788910926,-0.287823082063194,-0.936721708530773,-0.530501823390997,-0.221940888270088,-0.353280580529359,-0.478784939806989,-1.88296238555369,0.551502779373161,-1.43107097849447,0.662930265860692,-0.435351462279097,-0.297470025861547
538,-0.61149172103523,-0.7891705273234,-0.838172589773705,-0.780272482220917,-0.230401591796147,-0.196255893612207,-0.0691587256285921,-0.427151924921491,-0.831485807152935,-0.939938376073472,0.199056107846774,-0.879548877213058,-0.822320861146494,-0.90921823933033,0.188711514795406,0.470753743435042,0.0951973654868296,-0.0813118090287263,0.137500694473566
539,0.74231350150642,-0.756984399229074,0.19247667456841,-0.0885973829982682,-0.383954775153552,-0.207843956478695,0.272787916806737,-1.06698416749533,-0.873915854281546,-0.0841302897923263,0.359603081349617,-0.895813849432689,-0.0908968135141001,0.499923694481255,-0.0476042444147972,0.408540457264559,0.0716336309280428,-0.00489541258064392,0.659927364606952
540,-1.02411220933349,0.161455124902858,0.0943075768385784,-0.296687490792554,0.477736473083632,0.286667818620093,0.353512127893741,-0.793279828782495,0.811119639829394,0.185374001617415,0.520045774880249,0.705344828578309,0.796102038953478,-2.01061568569916,-0.274609590608533,-0.010002803725806,-0.319966769452096,-0.102655007273731,0.55113079131472
541,-0.855320283811699,-0.136849750191837,-0.564620126289134,0.299534474145985,0.0366900660720321,-0.464295198372926,-0.378460662783023,-3.40370387578316,-0.521831239496442,-0.226857376918255,-0.480882958476469,-0.51366511954558,-0.637524217921213,-1.959015962002,-0.0426599267081716,-0.056195081587654,0.559494651081856,0.153111336148874,-1.19409287748505
542,0.075320128694712,0.519496964624734,0.635724974444444,0.378174755023257,-0.0760363837852709,-0.100958527031249,0.271415689916991,0.190298648602131,0.950049631629024,0.524700909823365,-0.278601825628413,0.511375958201202,0.993079702908026,-1.34917435269693,-0.124331442775763,-0.457248471101508,-0.383287610185916,0.455909735870888,-0.617703105197525
543,-1.30019692957958,0.266456755387775,0.0781639688942143,-0.462370093472767,0.463356417873117,-0.400267151875405,0.0192387946448013,-2.70805440876598,-0.178329629000362,0.537008920943648,-0.716892764859293,0.290861619079142,-0.384953789597177,0.510251897668033,-0.317722920942474,-0.0623693295803168,-0.404209311598887,-0.358915404004752,-0.972619941379887
544,0.982756362178078,0.66197042348511,-0.0939606069299123,-1.51755530056342,0.227762437592725,0.483300880552655,0.184660917868006,0.420373626333068,1.21231535493746,0.279718687502879,1.54922620977506,0.75146601258367,0.276208867053378,-2.48517389562383,0.1005172743468,-0.462245452324201,0.2640781664144,-0.633116288007374,1.60794393857644
546,-0.166139580999708,-0.333747731644209,-0.125477921919037,0.214942475221227,0.157800932553343,0.503400870824963,-0.337788812351698,-4.47802736169565,-0.124080558020502,0.0547690059589045,-3.08845526250899,-0.699648143145068,-0.448879761254032,-3.27174676567641,-0.152123157809185,0.320199023951188,-0.480438575273996,0.793320061215963,-2.52744046384932
548,0.903784344907688,-0.301818917414213,0.14339109757073,0.0689514204120051,-0.379140140839808,-0.0633375466900023,0.415117942076237,-0.756430833645207,-0.183269981004625,-0.293327534373349,0.215665695514277,-0.557803501736339,0.172779506014784,1.3925418759401,0.182658596599858,-0.0436625141064945,0.0684079037214898,-0.194793205483772,0.606390033204459
549,-1.47709702126615,-0.27132974264782,0.212687641813324,-0.0761583470310436,-0.515368465661577,0.43645666348275,-0.112744879739983,-4.00092880635117,-0.417338438056917,0.0624984263277679,-3.41432599302762,-0.143275119979319,-0.127595370461649,-1.45179549667561,0.249242149752453,0.184842092149588,0.581463188670216,0.497202888341183,-2.90970461897625
554,-0.068874290046692,-0.685254037114285,-0.679873582974939,-0.697692672577567,-0.165437130342506,-1.15003612870469,-1.09014480182702,-3.49146872987511,-0.0646000638679347,-0.721620303937848,-0.827882437246702,-0.0685942770156088,-0.373283909113124,-1.34676396134632,-0.566229677011235,-0.554993611863077,-1.09019648155439,-1.14170248598992,-1.19918962822513
561,0.404095564835899,-0.0945088233070132,0.17116527663098,0.483214574931734,0.188119735010275,0.253185801157476,-0.265406623870802,3.01375897074416,0.265317523815838,0.198667582427748,0.936730476126504,0.107765399929022,0.259521307092991,0.431734761991752,0.139557450959503,0.474279770581514,-0.371612379592859,0.493049141087825,0.438788046353569
562,0.0708352741395245,-0.340415174775644,-0.346768494864419,0.857706318129725,-0.163607690850028,0.905901451588358,-0.532283263609659,-2.14898144947568,0.0744603017279356,0.0631393622250329,-0.670322786652422,-0.654258164771168,-0.850184503776277,-1.87378883176092,0.303357075063027,0.229177248797877,0.396069868316044,0.75887941972885,-0.869072733204764
563,0.0349666569614108,0.562448291177817,0.583119111373847,-1.15163534145219,0.770343986405289,0.0919910809414126,-0.681453933404176,-1.07876721156068,0.604090792981961,0.497969437085512,-0.737233720394406,1.01940403166293,1.2679277447542,0.114891863301375,-0.0438132657938374,-0.467494864992225,0.264711233069326,0.0334075623226377,0.558598605779697
565,-1.20980502460468,0.0708720397309575,-0.197914792672565,-1.23826526640577,-0.491431378700424,0.158458794767783,-0.489116726415974,2.6052292915749,-0.0700268441096541,-0.066050154204298,-0.670669277076925,0.277449163692125,-0.240717835207541,-3.14037349324756,-0.532576485263428,-0.412837068061462,-0.995505214372049,-0.639486515851547,-0.953007314290597
568,-0.452768648453043,-0.493578130868734,-0.636253715849029,-1.20534359946813,-0.30568947102874,-0.246127354088656,-0.539218495724103,-2.96262381881615,-0.0658101416884938,-0.717425911323179,-1.40801584643822,0.539281383694564,-1.30983433716352,-2.50868263934005,-0.296585935163988,-0.147348172469705,-0.237726720869228,-0.0734107921871336,-1.24009287115694
570,-0.749661470822664,-1.09747095292607,-1.25257375549464,0.151303507207634,-0.84943206523313,-0.833767541149507,0.844769686441973,0.24105301261713,-1.05587657120925,-1.28446099990435,-1.72606833457759,-1.59493504702331,-0.724496390166384,-3.21637490636092,-0.00492659623361896,-0.538578826580854,0.0540089795750918,-0.53769668957655,-0.918482787466058
571,-0.898705661470918,-0.195575760228269,-0.158293303113733,0.266349847870928,-0.254352228083622,0.0664702749189585,0.160545384317815,-1.67561284959681,-0.477698537865468,-0.247585324146141,-0.716808174681155,-0.178508138449362,-0.858789135588424,0.292554282197963,0.0739987249215978,0.185942685498011,-0.342942038340826,0.7345187468561,-0.744374100067508
574,0.608268721524924,0.0809874291594236,-0.149911002879948,0.253721722176937,-0.203167209586659,-0.472341263731052,0.787103939864761,3.34666574757265,0.198886068848473,0.0174356097300072,0.14012773862312,-0.336070160745854,0.044773114125801,-2.01771124683507,0.204011942583716,-0.577553731914015,-0.40161774656856,-0.23523668309992,0.316182368776158
577,-0.209057094177063,-0.491409863616296,-0.735175638244041,-0.808280755332006,0.21558889873394,0.16254948403882,0.0596801616869824,-0.59961780561667,-0.447897475112505,-0.411758350604006,-0.878064291111316,-0.139066168283348,-0.801347827345958,-0.664677215987251,0.37678709953901,-0.479286086524119,0.349470238990362,-0.484264361235045,-0.489839661695957
579,0.571147159442895,0.0609355677010788,0.207444485138058,0.686824023428122,0.263469847492139,0.021718736222449,0.669299376450512,-2.62533790640322,0.830725143998117,-0.0186078483965625,-1.28744336913453,0.813703636111114,0.498275830402427,-0.662265207511471,0.00393441133996577,-0.604097203120684,0.640349055346565,-0.623692869072989,-1.47509119110377
588,1.06488653127868,-0.0577730919557618,0.041092903929384,-0.0951972729915475,-0.566205041135863,0.0791168492682862,-0.642164666747326,1.46051416020052,0.777599380152501,0.200992254905163,2.20451317260345,0.546375228930807,0.107997782797969,-2.29560524849428,-0.303369122211873,0.0377401505962423,-0.293217757360798,-0.375459781749455,1.63893857164079
590,0.942100103600564,0.00595310265698499,0.0551743743172705,0.248453848090308,-0.576197595216089,0.45908858595078,0.831852712143245,0.346354028284815,-0.108747197673774,0.293751857198871,0.830018998686407,-0.704074249548148,-0.115176792139113,1.32826119593326,0.22514187702451,0.0852330283354776,-0.0276501329513365,-0.167644418559921,0.941325660789329
597,-0.74843026977191,0.198475822746376,0.827425052546259,0.833696635838018,0.4156253454973,0.357408014002457,0.753843011917225,-1.02896475064099,0.196746724957808,0.516917746747591,0.0973191145789971,0.876508983743673,0.75107483572651,-0.460147916142353,0.181845262213637,-0.244380182303895,0.788648280801202,0.00324227366200445,-0.172839160398687
603,-0.864068529258321,-0.14428631602392,-0.2069881409965,-0.845537398535471,-0.00576118018697165,0.378580044696676,0.387248277163759,-2.76768483677455,-1.13447955536909,0.140298528998367,-1.72424515266381,-0.78310346154996,-0.436290660745136,-0.496002383232809,0.118777356663785,0.20889488451562,0.482308876596793,-0.270738661463441,-1.79520258642528
604,0.0380716844672693,-0.396202056327629,0.746406978764115,-0.699646506766931,0.125718547387196,-0.372540547178772,-1.50241066346979,-2.75583246356805,0.332650273539776,0.221490549047583,-0.220498922100145,0.0307704853989646,0.185355564382037,-2.31190309330631,-0.371012011359723,-0.0022206456944008,0.0453660457671267,-0.283383634912046,0.171067031310357
607,-2.80080869497469,-0.472763287805254,-0.612049665932109,-0.683023605483679,-0.369328368784836,-0.395694910347078,0.176045559515405,-5.9837007318794,-1.41446814560417,-0.217616285921425,-4.15234092289723,-0.822957375201976,-0.797600648423458,-1.70113556701286,-0.180422220673452,-0.311585508732353,-1.12338921444888,-0.263216748869779,-3.37231899645815
610,-0.103740760428416,-0.747895077106534,-1.06937862301099,-0.0747104684093265,-0.44371465440441,-0.207481406596914,-0.415266290289916,-3.40405415998519,0.211589038134878,-0.800075430377443,-2.42417764662348,-0.359963439033443,-1.12506879219161,-0.756978240136716,-0.217001557780761,-0.130899294979473,-0.625512298353588,0.181849565891584,-0.94731235683192
613,-0.359765912489118,-0.550676298338514,-0.542753637109801,-0.928133156617995,0.0907410170369058,-0.535456913335845,-0.194221198430181,-3.29588509462455,-0.550082734113619,-0.681428664048664,-1.3371840675773,-0.964643701219081,-0.491660017403355,-0.816693845188995,-0.395717304640197,-1.14757066444982,-0.785309191697754,-1.27148240028095,-0.163791045483053
615,-1.2666238907413,-0.721689672087258,-0.420668819131732,0.00410216876661781,-0.368545562474355,-0.175334515661975,-0.887402185311972,-2.7871424201965,-0.889926430125209,-0.276509600469561,-1.49404689267463,-0.675482751705123,-0.664350055699866,-1.48228016400252,-0.120386230441654,-0.16087706050118,0.261126747544063,-0.579902449502634,-1.59437050821091
623,-1.08056505241598,-0.442598760503971,-0.183444304951552,-1.68380343987334,-0.387424500705521,-0.904402351062593,0.1305619189514,-2.16537162519727,-0.880005630936543,-0.480413975357774,-1.2381895781187,-1.23888556365227,-0.00874924169493676,-1.37850960737067,-0.0903977501595498,-0.605819315936966,-0.312363784316676,-1.10672570076795,-1.00147370753433
625,-0.626813432660032,-0.435856425415178,-0.0855142998078648,-1.05352761359102,-0.494693643644449,-0.668093831638336,0.32979546507724,-0.189586131580409,0.326542143655304,-0.367442165598381,0.738462176521443,0.0304665347962266,0.157947532248089,-0.277974460431653,-0.233214518968687,-0.431823963716705,-0.795662866221371,-0.761755573015247,0.474229300932327
626,0.532813994834562,-0.296997430848013,-0.237357641609422,-0.241663015194042,-0.0541873571741789,0.268934451087632,0.208454610144796,-1.34589550984782,0.389985172335307,-0.439789813443898,1.09786838761333,-0.263898830005758,0.219101829797421,-0.154981609771626,0.311558264590815,0.312718394654314,0.455633403155835,0.106061967081257,1.23655445649985
629,2.5690004685015,0.847273414617643,0.704653718107391,0.342961521243124,-0.26625132780099,0.850662952987158,-0.0606214435181791,1.27359078194221,1.73638231285916,0.875175355030992,2.16176031103081,0.50829386275554,1.17537517820868,0.12816285931739,0.169343870721325,0.031196762863315,-0.131564427876724,0.189109243414154,2.62281196129119
630,-1.8482379930132,-0.117435283270431,-0.889911758529967,-0.876702230466278,-0.507982576887153,-0.204505064541389,-0.30511554050671,-3.24549236400056,-0.760876587466206,-0.327242920157138,-2.47923091308842,-0.536086439158672,-0.690621412842073,-0.483954746227913,0.0123699734364108,-0.332235075637441,-0.629651838805378,-0.466029368493081,-1.99055837142012
634,0.281863952928311,0.0199335613840924,0.157473210960737,-0.033944408970519,-0.162947877040303,0.0547999848024233,0.229376678167368,-1.21718954394535,0.389254863426974,0.340466855210797,0.693722879917807,0.264248303150115,0.145521953076698,-1.23863813178248,0.0964419644614254,-0.623612404197968,0.39479336795797,-0.23802967267968,0.671609118634429
637,-0.262422382849536,-0.403838531592613,-0.719730426375057,0.306451980197928,-0.46243431551115,-0.913850770429287,-1.23155635174597,-1.30391618622181,-1.14167478992482,-0.557144255294672,-0.160694513928018,-1.36340594473839,-0.459271387681431,-2.59018165066958,-0.734422370550735,-0.730166203167436,-1.63349937690924,-0.155988612117528,-1.07833262459049
638,-0.88247359952989,0.464405083101664,0.467122860884046,-0.682593734006502,-0.367742133804197,0.320299866264045,-0.0690128302201524,-1.90642758953126,0.36264506121487,0.911189396848694,-2.06360315788223,-0.149188699714909,0.31186632972233,-0.908458178181648,-0.127065001230895,0.310260220275352,-0.700888758153648,-0.503582795211125,-0.672969935007994
639,-1.40785450906285,-0.306913826626895,-0.288331821482151,0.893345476639049,0.023203590033558,0.392323229849085,-0.705753728593272,-2.12738629564182,-0.640763656167474,-0.362145050770938,-1.34739751118783,-0.278467971805951,0.40506461426741,-2.99890812045047,0.0884406824800967,0.392730886937392,-0.306565796172885,-0.273291203020819,-1.71569334672695
640,-0.478908230266025,-0.774964883633447,-0.289894822491282,0.0613693112758948,0.32234423486526,-0.060717623721381,0.0727142768250388,-3.46525659168695,-0.432694354826099,-0.582836765715889,-1.67947016460677,-0.340357454913474,-0.159052474419341,0.00641607179339873,0.153011805496844,-0.507285258500176,-0.228491665180671,-0.118369021663694,-0.513886443267481
642,-1.18449400622898,-0.194874695742238,0.0946657030685698,-0.573215924376475,0.137825422559829,-0.0623011448895762,-0.497150764661454,0.749698788286903,-0.342985667537433,-0.145215930624602,-0.992244555721275,0.367204114850249,-0.544725569491066,-1.56184261212002,-0.134034273602222,-0.041216033869935,-0.312674493549951,-0.750618231783072,-1.70862868655085
647,-1.11878350269907,-0.961363598946999,-0.827206582485286,-0.52462967287999,-0.440036963589143,-0.0202782058105261,-0.310988829812118,-3.36203542833955,-1.49945888505671,-0.777067364898216,-1.61084071221429,-1.41185281131952,-0.866632637582072,-1.25997774686839,-0.563439340793884,0.147581159607597,-0.189927115283905,-0.320622236887663,-1.54895475432914
649,0.71356234441369,0.66200377371924,0.494441605355841,0.237471222954631,0.225843072769508,0.312751101018523,-0.837149934393302,0.234416952256592,0.966866176588944,0.573866805476142,0.770646413544262,0.922044496021392,0.379083509722418,0.577948133607718,-0.319008656282265,-0.135245352648557,-0.0135102965326892,-0.325482729010211,1.1125042740138
652,1.03993812640483,0.337778162231923,0.0419430987124738,0.69367981073257,0.00135437197615358,0.131625647722398,-0.0251209111863157,0.78058363501083,0.502572168361166,0.0474169938061655,1.92563246492787,0.415674113039968,0.33987507045169,-0.101857982593998,0.0423275870094215,-0.22669990626416,0.417194152514206,-0.219019562022508,1.23138403225491
653,-0.341382889288337,-0.387301295479832,-0.0775666231009137,-0.715785443975583,-0.373695166113612,-0.474226976789747,-0.196911697618379,-2.75241887844861,-0.065566963832784,-0.245839101648219,-0.183336760792245,-0.663188115034177,-0.428897775735474,0.711383088081709,0.0105964320028674,-0.050622256742245,0.0982507670588294,-0.409524379966779,-0.601856574683037
658,0.199961330841551,0.510765003541072,0.455260908716479,-0.37545384221753,0.329807711911114,0.947923411575853,-0.453665726240766,-0.834239560751291,0.272254812052807,0.569666309221452,0.257983779464067,0.68501950170202,0.0213383258502364,-1.10531670050224,0.4249531398743,-0.564419487682554,0.175758506097687,-0.646452766317803,0.549238157780048
660,-0.714935724418891,0.510143820111593,0.476173132027053,-0.0871856561388488,0.411213867606836,0.148361200722384,0.26291987994404,-3.14977567702353,-0.184183146826051,0.247875755691571,-2.46452737098362,0.195408746249025,0.200219302663785,-0.609713222563926,0.295948915519305,-0.653050251738645,-0.0413476042979974,-0.907631910524701,-1.66489193660771
667,-0.0375627967347719,0.336833778638992,0.74303178881493,-0.454380155280995,0.379500437132632,-0.161128015317578,-0.102241731218399,0.434951225961484,0.68430734851228,0.218428341100653,0.902563289161013,0.0319186506189002,0.129786887083177,0.235069289110841,-0.480938364083197,-0.102414170901479,-1.17339420313733,-0.215266676168864,1.0965327296889
668,-0.988410931992296,0.350470785564884,0.610606701979838,-0.0986138550186656,0.255741588636173,0.628865022381517,-0.126811701780457,-0.0647013640440405,-0.189659021969071,0.656013261093565,0.140322860074898,0.154647935809183,-0.154165324559932,-0.136356522412488,0.284868963379949,-0.145266536960246,-0.438827586473965,0.0231614299706102,-0.470856643522921
669,0.215381331340702,0.886415501060704,0.783375160675632,-0.460531478779127,0.137936993130806,-0.418021493761514,0.397595969202782,-0.818622413160873,0.628537574017561,0.439416458491155,0.962093880783771,0.876088597987463,0.851679990625485,0.333299708613148,-0.318683737915523,-0.517090812238927,-1.09552005664519,-0.680439803249923,0.412683402536798
676,-1.4536573954149,0.216534712380872,0.37181773402939,-0.313369359912004,0.296850693913754,0.190514529677644,0.0493848972571548,-2.87230601183651,-0.311767279487866,0.231057154368499,-2.64224049317717,-0.365452764059205,-0.194449786401062,-2.41240621682257,0.0100183787613529,-0.0592959841042986,0.0634847992776013,0.333152869108847,-2.29876855404409
680,-1.37066515506948,-0.332276241395661,-0.309766743517509,0.271244974251693,0.0710188689616377,0.0340023996759726,-0.0757388703415158,-0.826364985225643,-0.908916942882714,-0.2381275190453,-1.28297120574474,-1.00329681204714,-0.730540737147365,1.64207415618176,0.332761937366511,-0.27242350721324,0.222852183779482,-0.509420630238777,-1.93767486165856
685,-0.682993320736852,-0.532461348997235,-0.376046530729828,-0.226087683278433,-0.209243071686457,-0.614443912068118,-0.319154626070834,-1.98377705230623,0.0356653484458801,-0.986630475678151,-1.62396174151458,-0.325971538341948,-0.195062958349572,-1.03318750365444,-0.323604799345573,0.1646852133821,-0.13597575399475,0.392236979996403,-1.73619415249562
689,-0.248197167521713,-0.166187643012164,-0.297101865876035,-0.288719355331183,-0.0571452590374915,-0.416809718583032,-0.89698311229415,-1.67099825240884,-0.818105101134898,-0.113886608644643,-1.29410042827506,-0.893372862844225,-1.01441052907715,-0.682863430342804,-0.470793230249699,-0.225932529139534,-0.338491537357968,-0.291295133717773,-1.04082186876949
690,-1.55270662394096,-0.566257445795489,-0.630716193089413,0.0477877535676705,-0.548546192889975,-0.100858121551832,-0.348871506833105,-3.00482238893834,-0.687436774544186,-0.593207125710966,-3.0565239210927,-0.862625938547245,-0.660258022246393,-0.510663608135691,0.0519685637822556,-0.379980662772908,-0.222013573611039,-0.0578299071807667,-2.266744338172
692,-1.82971669782216,-0.208560378920632,-0.134959851017322,-0.155142613802711,-0.374302800646535,0.243335841272049,-0.995614143955573,-2.58571932831839,-0.924167355600485,-0.291328528092363,-2.32901719185857,-0.558870926403752,-0.284764518716332,-2.46827343293288,0.120004165814145,-0.202781526257067,-0.137009550223914,0.112523667430596,-2.61932093813982
696,0.211963082891766,-0.232798592440822,-0.506776111784775,-0.405066116381097,-0.97066096881662,-0.508102851392021,-0.461535241157842,-0.476899474783187,0.175269368156075,-0.206972756512723,-0.581220571330287,-0.161331488205006,0.0343204147073488,0.337693235562857,-0.216201140727391,-0.073739499992455,0.0510525901082603,-0.132716935208086,-0.63154738857949
701,-0.945041198919728,0.75738454473854,1.18556791864638,0.103587923518549,-0.045841010129375,0.583389241635232,0.225639950144078,-1.0154554341368,-0.084307045741756,0.94454937794328,0.640980365231831,0.476365524103423,1.00420872480056,-0.688871343383359,0.378027345928074,0.196746712319841,0.415791794230425,0.21280805030114,0.291870132717048
703,-3.71069830554804,-0.787161248266151,-1.10340792713789,-0.386844388983432,-0.648754129092466,-0.707096904902709,0.237845192500265,-6.21730493111258,-1.87764361018907,-0.786522157768301,-4.35173608953943,-0.841418394938976,-0.911957047718174,-1.97026185101194,-0.573336054537392,0.239940323480632,-0.965713598703424,0.40720408685831,-4.37695678298115
705,-1.48704294897334,-0.810217096977338,-0.538927355473128,-0.225601120020455,0.0177177914525112,0.00677231784645408,-0.445163510893186,-5.93422381402555,-1.35601792422652,-0.793870857384552,-2.74422755813162,-0.545549772902902,-0.417462554679825,0.736572604799124,-0.322677309674422,0.00997807741817881,-0.00886429439555851,-0.0242223858043105,-2.64468042971634
706,-1.63762185550358,-1.02724557491842,-0.833108807958276,-0.412075496049244,-0.250860623449341,-0.357497093669995,0.338401133954642,-2.52851182674628,-0.334454080666683,-0.918041987022461,-2.25893509502251,-1.05907863660951,-0.543860312939441,-1.99393144204181,0.183914312522355,-1.08181746276211,-0.0139001021266956,-1.00769823763345,-2.40079119136625
707,0.116746535052139,0.72883106680456,0.28390436567091,0.12427763282712,0.107554564091933,0.559618664360676,0.384929476571799,1.0923957325313,0.529749990768586,0.545621615396636,1.69022472181951,0.331856549955436,0.195685194212835,1.45894353858463,0.241405146863808,-0.0658925531666464,0.745828903872335,-0.407166456077592,1.49863966513692
708,-0.821279080184737,-0.254392632583854,-0.645348254431348,-1.15452371546231,-0.334898422077755,-0.260462718457368,-0.390938433610156,-2.38773413010225,-0.580359441246694,-0.442205720301068,-2.15462774889123,-0.94890578968138,-0.136077278621396,-2.28604835126308,-0.519032447729652,-0.493144010128283,-0.465867581923952,-1.20491398462177,-2.3274550450108
711,-0.559713915953023,-0.333412566474408,0.0710446219889028,0.101707279889469,0.139595408302034,0.159354897117203,-0.154720733652552,-3.95424479721976,-0.088715791723038,-0.211103497735699,-2.92551998631034,-0.612068779500549,-0.438965569587852,2.26405431460215,-0.292671061010053,0.637641369456977,-0.869406448594212,0.476268472832293,-2.64287911990723
713,-2.47819753519914,-1.46109234074559,-1.17400663367616,-0.893982553550705,-0.849621109792754,-0.41891351064434,-0.93825888254656,-1.7372927969187,-1.61092596917596,-1.18957062791229,-2.10633083873863,-1.348875478132,-1.49209249471739,-4.44467697314374,-0.236651406334556,-0.649833331202083,0.056774506451459,-0.543247964924712,-2.03187416569566
714,-1.87152228361009,-0.475643914362122,-0.622364863906633,-0.881363347633316,-0.622711671403434,-1.31054492446634,-0.467251108829772,-2.66014532856857,-1.679698150722,-0.74400126077176,-3.13725804917905,-1.53275278833662,-1.11644803553915,0.0219233003774107,-0.625698741665539,0.107263953074904,-1.11459027596288,0.575675346783314,-3.83441412419748
724,0.40508759659883,-0.262308290744106,-0.0425542247642156,0.224433558565378,-0.145438417964657,0.736262633201008,0.236813794895887,-1.01391315834261,0.160239556537395,0.142739182726695,1.30547425205863,0.492112825316245,-0.320397043177818,-1.25763850341042,0.290193465438899,-0.480751769139639,0.22194484139774,-0.570154432037179,0.850517361100381
725,-1.89939570523778,-1.16102392395647,-0.703489527873246,-0.101018582651013,-0.564191434706126,-0.613752693917777,-0.305471751312215,-1.18913732825469,-1.23329554009971,-0.990506225617519,-1.39172001254281,-0.20726324460141,-1.32697584694397,1.43806513045483,-0.329244382628963,-0.120083579919522,-1.04705712794181,-0.814893292723539,-1.41681252725437
740,0.310516903075604,-0.0122060031159508,0.0705207142454283,0.100245605638001,0.363036255164291,0.131325428026485,-0.343473845723643,-2.83861526700551,-0.262032674186692,-0.0222462211898626,1.21665688430229,-0.174578721182719,-0.401042235322593,-0.733583049231703,0.139836071931946,0.0193924580163565,0.261790460329595,-0.162634610343141,0.882091495365663
745,-1.66595345871987,-0.109375997919274,-0.320140860205062,0.0416414161902433,0.169735412259078,-0.136282138888031,0.370081377285527,0.0994604683485105,-1.05855543580004,-0.368983235136293,-0.24401735482721,-0.519729825684336,-0.325026561872509,-1.32416952636815,0.242555170374239,-0.050889754698408,0.220122746210176,-0.149186968868686,-0.156459359362105
749,1.65213293085259,0.0968831227181582,0.796514963266865,-0.715023040764548,-0.383132247109207,0.156762806733968,-0.187617241435412,-0.594462953635308,0.83874076225117,0.268034588189305,3.3192157272804,0.494826049737513,0.422604529406224,0.737897741895743,0.29070778105922,0.75124896603566,0.330327394299073,-0.699229034358256,2.68602270246009
751,-1.35351871558223,0.0780490088901033,-0.555807976808542,-0.169449196557785,0.418306491402237,0.131940196188545,0.59964369495994,-5.44596356730041,-0.611739433213384,-0.217516792129832,-2.63786119787287,-0.272837960835258,-1.04217527914481,-0.0472298417753637,0.174106429925405,0.394460934027082,0.374037569851638,0.695521530287539,-1.71158142432103
752,-0.0921213450390271,-0.697454419092366,-0.515839623511532,0.0923425872022587,-0.403156576616546,-0.738858388483458,-0.104146963236942,-0.196843265336362,-0.472499792351308,-0.760317360688144,-2.86441875381489,-0.885580722302674,-0.535861006409587,-1.90982986879847,-0.11792108741396,-0.261901296536256,0.0328617128273622,-0.180714029890787,-2.24175961465055
754,-0.899382459126326,-0.164467603570918,-0.519705622239235,-0.198814681255931,-0.686965841325582,-0.444142309206034,0.328136921005325,-3.22136305109219,-0.801515241932326,-0.366148025767941,-1.30352804047662,-0.420015387630697,-0.574500496093381,-2.35984358510861,0.142305256618077,-0.326345895662747,0.444208405857116,-0.789683855345966,-1.56186588731492
755,-0.252531926914452,0.292374311059404,-0.0208567726017457,-0.410680061432403,0.420583042110566,-0.128351791629596,-0.481882737094818,-2.96357696572456,0.145210915035886,-0.124868434543609,-1.06245193614287,0.0775242046721703,0.105068006595527,0.24026064409336,-0.262648988305056,0.0213867668756116,0.0333927104455149,-0.975034780035489,-1.22727729631837
758,-0.475522086787299,0.216797703928855,-0.397586347718082,-0.944328950678609,0.0800949692712022,-0.204603248637611,-1.10183865540554,-3.52266236166471,-0.753749478330971,-0.11483210759109,-1.20617637949761,-0.635877279364403,-0.263957244125285,-2.92987149963022,-0.408674245168213,-0.645718632731141,-0.632125389917549,-0.949751062044574,-1.05834516838399
761,-0.232427652082997,0.575007904664413,0.531753906498736,-0.250005643142284,-0.464254517364237,0.126610102375829,-0.454689549608259,-2.44508430715894,0.956120960907946,0.552426154394815,1.35570331506806,0.842751220485287,0.658534121061845,-1.14318910059552,-0.108435094774429,0.333851282019037,-0.461009794709749,0.552843032745786,1.30256085959145
763,-1.72566588241895,-0.369305904519211,-0.87521073740305,0.487273972896032,0.047310337994997,-0.167126270188517,0.268955583733143,-0.55907852368749,-1.05660808595458,-0.918310483866787,-1.1290561853677,-1.10809551751771,-0.88453621988938,-1.49782399936595,-0.0250237556386035,0.293170982581474,-0.727397993307717,-0.389024376097991,-0.914616392673878
770,-1.77992502519834,-0.44929373788349,-0.74741370632733,-0.430113827095829,-0.473124118513029,-0.459560078208956,-0.36874374052009,-1.99229585364251,-1.36267878309237,-0.392921578782922,-1.65100556022187,-1.10223795336497,-0.908419961340772,1.29306725350046,-0.400199957312157,-0.0285749180459161,-0.370372386419203,-0.567463974036851,-1.53863183074086
771,-0.327156003077089,-0.603544349689943,-0.185717804657369,-0.879412361917208,-0.469214852336317,-0.564903083193452,-0.416100343188607,0.582368805819111,-0.825549680569336,-0.567582813268307,0.267545412384271,-1.03845416144312,0.168383939655203,-0.98366093525715,-0.257695589801988,0.331981626016031,-0.345772575218258,0.371041789879144,-0.040404166271311
772,-1.33009050002528,-0.251934194410612,-0.307424367859236,-0.366147761244949,-0.838015164710672,-0.000835856460375557,0.372404305368547,-2.73190425206913,-0.48353465832461,-0.310676227647524,-1.2275456259749,-0.647455220384875,-0.59663523048728,-0.506604717139817,-0.185928483604232,-0.431967612882426,-0.289346797883561,-0.465354722315747,-0.530241357061758
773,-0.564861241941168,-0.431057243701494,0.533034580676357,-0.757320627117619,-0.564754565066196,0.0493682954713706,-0.341157584799783,-1.86247974210836,0.0183251619659392,0.0780838533270322,-1.28460163573493,-0.721666475491987,0.386010118139576,-0.697074801508648,-0.553299161388171,-0.00976343832909111,-0.175442027828727,-0.37804335345083,-1.09252624458755
775,-1.8959088917804,-0.635779135821018,-0.172637897905464,-0.0559204505084811,-0.457818695914838,-0.124145753761071,-0.00442503342285549,-4.22067724685983,-1.07331396713909,-0.0873040812996172,-0.780246086996209,-1.40298344255697,-0.922455856477837,0.31197072197434,0.133293278419436,0.0230239587687773,-0.561020929011155,-0.39853225958012,-1.53360614141548
777,-0.0949937804725095,0.252368578821425,0.407560923391709,-0.455991854277552,-0.571268183288669,-0.140274002020604,0.383230077635243,-2.73364228928117,-0.000901754792613643,0.0693985236659509,-1.20273868604717,0.758201133361261,-0.245341952530988,-3.83490469767288,-0.0509468507912724,-0.371326128460654,-0.317738755297229,-0.435832963384899,-1.17316989668444
783,-0.983806382319257,0.574524357206701,0.584071614951678,-0.650243757680777,0.568424692323762,0.332327848667192,0.488261648520664,0.578603788743329,-0.391575469881264,0.446363438673705,0.409685448125267,-0.543880820300442,0.347615556831465,-0.0246265389010965,-0.130184126053896,0.092213311293033,0.226537304747089,-0.274696081998342,-0.509778050576297
786,0.95241236945224,-0.0646758456735253,0.437039569813275,0.987754352389017,0.0374464012281622,0.268768977707358,0.67969113490607,0.534994516924976,0.327877836553142,0.277588168192324,1.96725249477975,0.131294067953028,0.257041329344099,-1.04207544703565,0.416300246886156,-0.0388006787027973,0.474853537969022,-0.127425473030798,1.34780025766811
787,-1.42682753932965,-0.403216129594321,-0.347759040369267,-0.838296382498609,-0.507973449904092,-0.327159496157535,-0.5230806468058,-2.38540499445651,-1.02014911144755,-0.118838235409168,-1.22144849788581,-1.38898290204606,-0.62176502978525,-0.238338094617335,-0.640107612305929,-0.41214436879804,-1.08194585226446,-0.408510867957885,-1.6846491274653
790,-1.42726847342593,-0.467900260503073,-0.689191780957458,0.182186027948984,-0.493954465168484,0.00543907994253889,-0.223031095758087,-2.18072779711309,-0.105966320600516,-0.589015600105218,-1.03283363071924,-0.865705438166936,-0.341569869620477,-2.371748181287,0.0300241908376187,-0.317409541341554,-0.512193783068699,0.125804123428054,-0.876906032776733
791,0.38586167485371,0.31094187985585,0.758295689510305,0.370510473408388,-0.0257845038471221,0.36173980743001,-0.391426484868744,-0.190164699663311,1.10586467963221,0.420609217252489,-0.767936599272255,1.06928044177042,0.316243804187152,1.44966326946229,-0.498769791819232,0.381486758329863,-0.443146414728322,0.209360195172718,-0.521042920835701
796,0.365080584503906,0.553404499201874,0.615591959096868,-0.0721989968447078,-0.00793058003644115,0.332436472985859,0.136770129464858,-2.10704399214591,0.14148505317969,0.506655941134127,-1.06679013342144,0.0290281086609509,0.468277516106139,1.96332251146692,-0.0161357103399465,0.391656979836916,-0.333132783980383,0.406901279174783,-1.03030912266842
797,-1.41773577224872,-0.33244566666937,-0.483689905026784,-0.277624392759456,-0.249333836392742,-0.425570617750211,-0.622017100685867,-1.19985045120846,-1.12566548112073,-0.41603061287762,-2.12096326849445,-1.15773579001492,-0.710485243031954,0.987761668358419,-0.209394392778815,-0.00438299967458484,-0.107606267479171,0.0259695082493111,-1.92562562098977
807,-0.485938492579139,-0.331369549210123,-0.151007398305429,0.0220839428151215,0.213269650405977,-0.256732833348777,-0.866644840742432,-3.41990258111538,-0.33259875487007,-0.0588197538331621,-1.92557492975983,-1.17636694533341,-0.273950086821375,-3.9314578665229,-0.255412148873883,-0.0732467341671582,-1.0594359364892,-0.290069299978793,-1.97340337246904
810,0.181696143750065,1.39717861342995,1.03642289093151,0.3203590240345,0.246102046279674,1.07980388891131,0.469373244563266,-1.35438619822355,0.39602869570442,1.23030806386997,-0.26583442664259,0.649771946112973,1.12674527118644,1.21519022123069,0.440479677727929,0.229786467230052,0.244531598542414,0.597680224754551,-0.265602541345963
822,0.365455340922117,0.472531640681362,0.425922172291783,-0.426667983706181,-0.863306076083352,-0.146349777591867,-0.137730730728898,0.738506609186292,-0.51479196767342,-1.37516459931914,0.702902141796536,-0.122411755789556,-0.00884223524969932,-0.578723226652401,0.380093565813066,0.132185289851496,0.504202410548428,0.56520416670338,0.529743282347738
828,-0.804650267380183,-0.557131869588484,-0.382468524939329,-1.61147548767011,0.0447042868338351,-0.20804087466326,-2.24812554871483,-0.813491384471281,-1.30695922606234,-1.94504315508939,-0.688196326705862,-1.95367750796876,-0.951160305040433,0.335467739597118,-0.966542996506935,-1.11305491862926,-0.996428707603741,-1.48272741102295,-0.920651181497569
829,-1.10207898901816,-0.172812523747447,0.0338850916988684,-0.867963470086505,-0.10771025602559,-0.855093380217433,-0.613230196571374,-0.54273416573667,-1.72615979184617,0.94234367707259,-0.421771387839514,-1.06873303404849,-0.32859641208103,0.761463084217626,-0.868782967676446,-0.342484950358136,-0.688672819807943,-0.597379275887703,-0.344529491862287
830,-0.696094762352673,-0.20528376388815,-0.525525746893118,-0.311618251880558,-0.141132949599568,-0.475113106467776,-0.454639507771998,-0.209429950110886,-1.33275736369675,-0.447273365287271,-0.462504084210597,-0.899503717550724,-1.36960670024356,-1.43653626608394,-0.366335635199885,-0.743844971213112,-0.329389000839675,-0.294517144520012,-0.490223626830771
835,-0.515287063018457,-0.201816208915494,-0.11040451059699,0.618199460659333,-1.12660723891922,0.783416382772284,0.678723347478603,-0.589054040533033,-1.73765693285654,-1.2214006151715,-0.211824577292726,-2.08836995900396,0.748246998117595,-1.27059805433092,0.199752827890557,0.573926843244004,0.25195834291381,0.839186324519867,-0.236846775854822
836,-0.0751410108821204,0.00246733783199494,-0.104645605997644,-0.0829111076289026,-0.530117583006443,-0.161344021210563,-0.0455922606665157,-0.273307282976465,0.138068714293728,-0.818359222324529,0.150395848135829,0.340983017106402,-0.184336051310405,-0.187792118117772,0.360239501057913,-0.449182520680043,0.402558710642135,-0.230893936402531,-0.219540620051836
837,-2.21818999421445,-1.13721719524248,-1.1328743852957,-1.30504341049044,-0.351344497396532,-0.8864361758432,-1.18997591750543,-0.978808336141025,-3.70960637051024,-3.86198101685325,-1.63200210747296,-3.68182378384926,-0.718255420333509,-1.37575515539602,-0.954142357105828,-1.04273737487192,-1.27485097307588,-1.5021436451464,-1.65464058287383
838,-1.46469990406636,-0.75499892934441,-0.597932758858792,-0.0895559033652183,0.186620937155708,0.55541411748342,0.462876647271192,0.00121412949395435,-0.823498032399358,-2.09875288489776,-0.782514615811743,-1.22862096613994,0.287954198537386,-1.371895339999,-0.556392093651222,0.28842876699309,-0.75933985298565,-0.0970319440935185,-1.04793728463521
840,-0.852669488907516,-1.01145960820885,-0.706366589642973,-0.229455577388911,-0.838420106048165,-0.983996395739703,-0.885965276802379,-0.904397870417676,-1.80337105138093,-0.620846499632977,-0.624427018168327,-1.5940152906321,-0.345522951390176,-1.8491923650707,-0.405559542918875,-0.156229361253344,-0.469250483770243,0.142767592580483,-1.43780557876824
847,0.374668457056747,0.0425440155514228,0.324305342904387,0.12201170429371,-0.141006297745106,0.0386072122808961,-0.194003002163322,0.245248823900606,1.2583136589536,-1.069975213868,0.437854424852424,1.61850897098226,-0.605615315143692,1.22716190890066,0.801724724245494,0.230169328082968,0.853670465094835,0.0487864205941498,0.401460172568028
855,-1.24185976047251,-0.383390321975949,-0.14482737221536,-0.412570986186197,-0.661404505416492,0.571693361802381,-1.03226408300555,-1.02458492811905,-0.706016364987988,-2.44547693126643,-0.764955434435575,-1.39107375492538,-0.789519341204464,-1.07017823435333,-0.583558206101082,-0.659545625475118,-0.648537011842432,-0.241680819505514,-1.05773558718008
860,1.19051783493228,0.638311444142398,0.594222773589838,-0.141587086696636,-0.39524663315458,-0.419627817481861,0.201077157744551,-0.168000788860561,0.48929444934566,1.09731332001003,0.596323949712874,0.261470040048583,-0.1816232577987,1.3936754051915,0.445296191845287,-0.189394092691463,0.506913673147481,-0.985267949284045,0.809104539919422
867,-1.41272582970061,-1.32312783821995,-1.2795043775373,0.00560380792956387,0.0951101040524435,-0.548041431311979,-0.0754892196563216,-0.293071730904229,-1.77139865385786,-3.13348992265388,-0.519227182274487,-1.80517697221411,-1.11838584272189,-1.39043617098802,0.248825417119527,-0.812156284594937,0.0874496131332392,0.0238614943154285,-1.05295431438706
868,-0.430639042413306,0.133822697384917,0.286094611690898,-0.872309368848547,0.715880400855456,-1.54022191780256,-0.636497589250503,-0.373525688540041,-1.29069055253984,-0.519230029240765,-0.2387743328178,-2.1909691430475,-1.06204023810201,0.974116387840539,-0.530515567635339,-0.151364890119394,-0.848203328368219,-0.316668397618212,0.0623364960988523
874,-0.673418977538124,-1.00499582498658,-0.931243392675349,-1.0771774610984,0.283628722213663,-1.4024333967051,-0.712698730263216,-1.03347887092078,-2.17996624729393,-2.72756036438498,-1.16339511117626,-1.57644255105914,-1.26221782550485,-1.30352144339697,-0.717487255575554,-0.777743823982933,-0.690205217131637,-1.27167843831572,-1.04320192778714
883,0.0093411947834016,0.0814602509047092,0.252916889899061,0.646482271710187,-0.354382230940733,-1.1464836356075,-0.42774554188756,-0.125679393266837,-0.87875129109605,0.1644612767954,-0.209943286148307,-1.41863431658368,0.538820873236743,-0.248978143749177,0.0836152098875232,-0.166391907997235,0.217583752790483,0.3326675172192,-0.285495174800958
884,-0.18251936210455,0.30577046010558,0.51447308387893,-0.0241476200474382,-1.24301609864966,-0.202617521357329,0.637023677928533,-0.252490095902711,-0.333363239895338,-0.532603189726285,-0.0660952602615643,-1.45974597059102,-0.245583296339585,1.70493583778426,0.416689037836686,0.0211170425739166,0.258733985734211,-0.148299077705571,0.0799850391706865
895,-0.227470174875886,0.350792798984679,0.173453054542851,-0.227350887606299,0.840883375197151,0.220877006693387,0.816372660841128,0.319739160871036,-2.2266833401939,0.129966319497438,0.229992505303656,-2.76533219986185,-0.60017849067556,-0.126235711270147,0.251053480853681,-0.0148456785592638,0.337776949803694,-0.590466908930104,-0.145029436628656
899,0.187972315078342,-0.371219810768727,-0.410665790872511,-0.137143450502619,-0.649201294062273,-0.965139461879427,0.426669816950937,0.219876681587869,-0.0944303099406571,1.58660428875018,0.443994698169279,0.12567417137866,-0.520967595961901,-1.02864069169025,0.358480287532898,-0.705127152950747,0.877103028925211,-0.535306638283467,0.357801841627554
900,-0.207345488543926,-1.13191552804543,-1.24841921381576,-0.454669767990383,0.153260136772681,-0.988232939463596,-0.268303212926731,-0.672446047791679,-0.59320126670523,-3.06021145879172,-0.454345174647159,-0.341869025005656,-0.95904222218617,0.00530259167977111,-0.0169752417930717,-0.447756849450551,0.0621067769651724,-0.780323710855535,-0.587398729695254
905,0.201571395885233,0.859927009397956,0.833251677872011,0.43289673881594,-0.00740059144977707,0.0479848891151781,-0.28115206641632,0.528899644573407,-0.307300354328316,-0.935150536745336,0.42681353608699,-1.04887207803112,0.41741972132228,-1.40193186680875,0.594808112753226,0.560769571582316,0.67051482611204,0.853111214506352,0.348367228919326
906,1.09814772314363,0.815220360988385,0.880911167091769,0.454260404364612,0.252489753601983,-0.0656931762624941,0.0624232501493207,0.337763800508727,0.854556028798756,1.14723626080833,0.631828799360416,0.245775226558362,0.516690117427114,0.372458392823398,0.431700618522297,0.545211804175055,0.210249076716482,-0.0428603342129618,0.900420765058824
912,1.22054876152453,1.09930246098172,1.24744763198235,1.50076175061459,0.237746809212001,0.856498442526778,1.1873450435142,1.04410553297459,0.443392749350336,2.0807179175252,1.63229154565768,0.464823718997643,1.45986321438297,-0.570175648645426,1.29004738156046,1.33931946064773,1.0451984477484,2.14725234988889,1.4217941819517
914,-0.0719955718715111,-0.0632664894592788,-0.159654341589734,0.579772501582577,0.139709083626269,0.641944088735527,-0.335061886025264,-0.664237302466928,-0.610269376558542,-0.353673290345597,-0.0512681038109559,-0.915863929352458,0.208688740663403,-1.32203254825174,0.397247628977918,-0.286924189496,0.274434950853424,0.324125581995608,0.112867715132363
915,-0.789551326337976,-0.93300441892313,-0.930771475952523,-0.155687618139367,-0.265754385583257,-1.16401688614857,-2.12143942843202,-0.76280738622627,-0.655736549572105,-1.74891014034131,-0.964583803548568,-0.360772598374013,-1.44726437095915,-0.378812415229672,-1.16434053899014,-1.14716021660199,-1.04347786496717,-0.350471919236344,-0.835575527956336
922,-0.111600338576971,-0.480827230738019,-0.514068530413652,0.224065895865665,-0.0923185320634834,0.431518315109624,-0.983671556572785,-0.712704409657003,-1.15445202255805,-1.3998201046087,-0.064055190518621,-0.839569513037917,-0.0570990851974451,-0.340283828249993,-0.00864040267497348,-0.226272196974995,-0.261228718720948,0.108975517462369,-0.44570835218036
930,0.798474301028234,0.59917662056345,0.39594287508021,-0.48714530422734,-0.570973264005421,-0.0731629198081495,-0.326221797234558,-0.11203822476796,-0.21128649828224,-1.11765810933457,0.602862942050979,-0.781231820238329,-0.731664619734574,0.0628734490978769,0.13566563433827,-0.106735771688679,0.0456041820231131,-0.508915277103456,0.632016796367211
933,-1.23852821865455,0.0400123013655306,-0.215421930980511,-0.27458741088735,-0.906139103956906,0.0251030572519314,-0.369826515397896,-0.84522724278354,-1.43827146185568,-0.570154118559874,-0.982429051476184,-1.47438080661057,-0.140368201768834,-0.214190672006095,-0.478468521224509,-0.136848236409239,-0.572011396486087,0.886129442330105,-0.765960240952342
934,-1.18464103417175,-0.139638738132623,-0.107124572904974,-0.309698001786276,0.887334220166973,-0.124114075986984,0.0112991863774802,-0.333991460669491,-2.2977204624668,-3.16041722873644,-0.473059076921437,-2.12206311347858,0.144972212992472,-0.705540092416019,-0.351083450112211,0.132162182575361,-0.383792974120528,-0.444259868746615,-0.485781937843022
937,0.207591490720449,0.0373466995648724,-0.156520608313088,0.778354735485286,-0.553952611546698,-0.0163288085396528,1.08628352832816,-0.276332658191601,-0.921674460576986,0.39720358556416,0.134287477630238,-1.58391416116279,-0.623506117205123,-0.729383023938117,0.126818490697285,0.23984910267406,-0.0544612609298548,0.625957100029645,0.534883857293866
939,-0.301766403523322,0.254805729569663,0.0816077081971375,0.426685239615548,-0.127682646714164,1.44708560725173,-0.490133805669658,0.709440007753794,-1.37046916273549,-0.825367597357586,0.251806168494142,-1.52033542254449,0.941646620829883,-2.09020102412851,0.29954122231292,0.234870914673266,0.274032851495309,0.253256866525065,0.0212316072478453
943,1.1021844595731,0.84965809779479,0.67913511589468,0.110848623180328,0.141719659221247,-0.220200344929091,0.340275425221963,0.227743317605667,1.37910335612035,0.457542234939457,0.42855670095131,1.16072513782139,0.70090134053539,-0.331410846582441,0.0821598550336446,0.28732182695649,0.215546299811868,0.547509576346033,0.807901466379719
945,-0.0993031215336638,0.534108204892396,0.402809754741421,-0.636388273478884,-0.579690501285122,0.806687598321836,-0.0635592091292228,0.0274684108854474,-0.327063847073927,-2.30962004360456,0.19732286957945,-0.930581251475052,0.456438607924472,0.0512603059286799,-0.50192154563797,0.48653826647994,-0.583977773109424,-0.12780394723929,0.0822340751938054
952,-1.1123905948964,-0.911969066918982,-0.84145301928331,-0.135633250393442,-0.85278029442537,-0.531363025033557,-1.17817324638891,-0.78449118395966,-0.579927637197168,-3.04642593305135,-0.864444384258144,-1.449160346772,-1.21257280749811,-1.33314349390116,-0.890329702420895,-0.592089468657284,-1.04790875999121,-0.3637914676265,-0.81742403969644
956,-1.59582201467018,-0.966850073504941,-0.808178613852437,-0.203267227559964,0.342974346291417,-1.06227701557372,-0.66344150083355,-0.522230071274311,-2.12505288769684,-0.229008611769744,-0.412605629165419,-1.81522599627483,0.046675019302055,-1.62622342973135,-0.191044140637194,-0.119430233524034,-0.22689077065017,-0.518895329895748,-0.90432558149424
958,0.852231598570605,0.816553325819582,1.07069895685991,1.15484631385511,0.481235300535182,0.0360001800981041,0.313030185569096,0.9637581164055,-0.109736242077576,0.438477720786967,0.632915917779753,-0.518307811446875,-1.06809710434371,1.10936779521483,0.723329758932212,0.667854365993971,0.698235935684019,0.93662481023705,0.745848827636422
959,-0.445604071271031,-1.06105391990129,-0.912052569997889,-0.901064849899694,0.169275499973951,-1.94799040034731,-1.09115061867571,0.0361848416104273,1.05412669816851,-2.88964118007034,-0.566735802210177,0.831243811189385,-1.08783843218815,-1.2667003708884,-0.960528809001502,-0.544417244606531,-1.33716296055206,-0.519824993195817,-0.445481671523817
964,0.0333609185810912,0.489248216201041,0.332597518134308,-0.171116588914099,0.035678634759425,-0.798926544231304,0.780808623828319,0.618487203518477,-2.78752854110843,-0.561629348750904,0.63142184631636,-3.46433085904393,-0.762149932165139,0.306700622412937,0.25012828510223,0.392921522047032,0.585491136475636,-0.0791940834105872,0.100346276596184
966,-0.334810776073598,-0.766626905928214,-0.527580884999008,-0.037528576410296,-0.97637532227212,-0.0604796838046476,-0.544129261881461,-0.413294019989169,-0.598738321961491,-1.53264548028654,-0.0359334354021905,-0.298419956728775,-0.603379328314075,-1.47393757471072,-0.102752111942339,-0.315001289720437,-0.116599149798124,-0.717168105984997,-0.274355435715007
968,-0.189507813000583,-0.226259431893385,-0.213406098896551,0.0171962155626938,-0.46760064714033,0.0669446908977027,-0.0288170412724373,0.158174899282568,-0.846128559013364,-0.399046531153737,-0.0819225148210857,-0.37245655761929,-0.269323036612765,-0.0718088809811252,0.0733143530540224,0.104361594226068,0.105848452702673,0.531050714075614,-0.591077161702785
969,0.921784757069766,0.633709886485181,0.62667088232788,-0.476093203095898,-0.456702333152369,-0.3802532514007,0.450247735835712,0.146641336122268,2.20658028178763,1.06581950133413,0.570056307725583,2.26200888406856,-0.443759048452995,0.517433063606963,0.702042833631756,-0.0179313409889457,0.87767421266903,-0.644923740908799,0.320229644107541
972,-1.05202885378365,-0.525770414521799,-0.420162911241497,-0.694601985929114,0.0041615789578571,-0.336194691218733,-1.07335412777349,-1.23456614633653,-1.08032715388918,-2.23986021627786,-0.914994154088592,-0.909758929460588,-1.70629083499534,-1.6734809646038,-0.126915250060112,-0.78046049711121,-0.429698760049077,-0.684184870349972,-0.932567418636409
973,0.246240212143284,1.41101264939985,1.29433523723292,0.926512354657484,1.12476609431648,0.359564109205916,1.41704308670084,1.01634314462041,0.453911777568457,0.972004711638949,1.55072474529933,0.556575177571433,0.60127840965901,0.877577859563447,1.12176956080249,0.678880379451174,0.976174395813501,0.958556014390292,1.2382877591531
978,-1.34800497476779,-0.896745693838633,-1.0210212079401,-1.40036535083508,-0.783925780978808,-1.239412825568,-0.64970886715208,-1.07424260096412,-1.07716616075558,-2.132708043498,-0.95499784976304,-1.33393272967014,-0.720983032507892,-2.25916272110302,-0.97677278748669,-0.504040950223217,-0.645880682478608,-0.328071543422372,-1.10185978082656
981,0.767645987400132,-0.478790035250357,-0.403779006189937,-0.0778043885769981,-0.468715197490683,-0.78934064030534,-0.693080512524315,0.315881340647109,0.399057308020645,-2.65423996164527,-0.266130226013163,-0.668623573955176,0.489620257708988,-0.676205665207878,0.245490960690617,-0.427818780238541,0.0246805523548493,-0.0163757522988629,0.272003391944915
983,-1.09100674215184,-0.84924008822801,-1.10568680931008,-0.770316063202957,-0.682361404180732,0.358339835738469,-1.40390439249986,-0.191389021832196,-0.125956666356422,-0.760510130441736,-0.946375036872689,-0.168834278008991,-0.791670585642483,-0.79233561049274,-0.612819385725182,-0.418250595559456,-0.353641893395005,-0.52599510355896,-0.946097728944071
984,0.840327566619119,0.601310331925603,0.701873892293076,0.689983008625452,-0.928764398222844,0.193901949584932,0.896832121132393,0.372402041664013,-0.812144990244731,1.16489833727043,1.00637294269531,-1.33053729582854,0.458889209890946,1.74733305933331,0.838858238724868,0.620414079016792,0.448715395225931,1.01303798489579,0.953586199193439
985,0.758482945134473,0.65491805471866,0.591635349015753,0.166321230917154,-0.621101735705822,0.76249090308808,-0.25902267200118,0.214989286080522,-0.76116096412815,-0.514944918284869,0.682334743533313,-1.15517341958651,-0.641088318860841,-0.249273018940329,0.371402734926888,0.153535860104956,0.64668705171771,-0.304948444801775,0.709629330067384
988,-0.976056931699951,-0.213623121773185,-0.238167445259867,-0.110772249294843,-0.437370111699502,-1.21559207347689,-0.358038136936199,-1.32282202671878,-0.772907980294879,-2.02739641132999,-0.699105074790616,-0.949987431797498,0.00321336161464395,-0.634422649269682,-0.381577312082049,-0.57714673618656,-0.512074433109547,-0.612401273355758,-0.582545694436799
989,1.7996899211233,0.263876564963718,0.43116852204851,0.315449077519077,0.027885322953121,-1.16198389669779,0.0425913915941805,0.151870145380742,1.6191904506679,0.546555940811992,0.493556104664295,1.73178936746697,-1.78654209516388,0.108498209890186,0.669530274764978,-0.386606519629153,0.629155485246298,0.134497915205354,0.895305300873725
990,-0.262097574676412,-0.551495944240712,-0.523704345810771,-0.58920520952189,-0.30571765899341,-0.834357692620342,-0.091146373785127,-0.435503419547454,0.685843807739544,-1.65392599982907,-0.655563155109015,0.528975438963801,-0.516091419130436,-0.579977374370324,-0.550325190541346,-0.659058421177329,-0.321387656421186,-0.291616535066198,-0.76696157507153
991,-0.388337080552538,-0.230794495160072,-0.109108951015355,-0.323386285632402,-0.279928830973103,0.583840562764853,-0.35160480720662,-0.426591871291318,-0.939820593421327,-0.322042083655896,-0.220289439817511,-1.20431889485792,1.63835493165238,-1.62415510363031,-0.241596109168131,0.454218322949745,-0.364761202746478,0.152567198891285,-0.199010534744034
997,-0.641087657270342,-0.979850834737466,-0.526399367731253,-1.14262914914151,0.0276946309802652,0.617271824025013,0.750873772164881,-0.0502349034183494,-1.03738724012428,-4.23180303222836,-0.737997845149519,-1.36580846148033,-0.3348201827992,-1.13026440110516,-1.05111995558106,-0.022449253142029,-0.903205589032356,-0.22991650564565,-0.688563039738086
999,0.285652058072567,0.541037817034716,0.393385566070142,-0.71229152929091,0.40859943051215,0.033644778146172,1.53218460014062,0.0312962984674543,-0.662987930409083,-2.5781279717973,0.709424090727478,-0.52963159476566,1.2016839542888,-0.243983382414607,0.180355223391486,0.136978157316351,0.113914862281353,-0.176385615386172,0.785597755395706
