"original_index","V2","V3","V4","V5","V6","V7","V8","V9","V10","V11","V12","V13","V14","V15","V16","V17","V18","V19","V20"
1,0.303266010259266,0.305623322411909,0.599089825467214,0.2204501137033,-0.0578927563579012,0.357169796787342,-0.531122781396526,0.889020478833635,0.640587754473898,-0.482807852973432,-0.00603473114325386,0.97748909943032,-0.0791695968975957,-0.30602323656845,0.201027906678093,0.220762577753274,0.873127039806754,0.20646941957129,0.551102033009781
4,-0.730744473484252,-0.947405078375332,-1.38609424441192,-0.73882477779734,-1.69769553659854,-0.996426410372952,-0.706311789039453,-0.262571246968935,-1.46696400569796,-0.952269782881562,-0.367431444468432,-1.40633216364115,-1.31766627582056,-1.47054571726509,-1.15967601407466,-0.983461441635793,-0.904644877125499,-0.6020346502698,-0.744263425150636
9,-0.358365522574047,-0.447848059931073,-0.0285612450822289,-1.21999503232487,-2.81908391411916,-1.11959099438164,-1.2072242482092,-1.1775342040146,-0.295060933406172,-1.08301261244985,-1.26657753137861,-1.58619663839492,-1.40270758770696,1.10373702121683,-1.28658547431971,-0.0936169877717905,-0.934305304879329,-0.709006908823521,-0.692721900062573
12,0.187113073533405,-0.0870398045798147,0.340201982955461,0.623495974765259,-0.752383933183997,0.45565532211885,-0.21765462768738,0.228472833392143,0.477048367712428,0.0618404923667553,-0.504721912095812,-0.448758355425254,-0.281118702540623,0.406801696446822,0.709138241790355,0.0598684420705434,0.194705034935697,-0.392039111844143,-0.00397187219489781
16,-0.278669785070963,0.69498763646155,-0.78299140473033,-0.976337635092254,-1.13381667900257,-0.164461201101715,0.563789999231462,-1.03615624717145,-1.65222079093292,0.951277313041209,-0.155524060343451,-0.836837728209354,0.761639850859851,0.0425356895364158,-0.718643574173482,-0.558662759603198,-0.301825103300006,-0.0308795220955142,-0.31132499147502
17,-0.288040614348646,-0.036197711992024,-0.252746757713468,0.138323355211344,-1.4567685604499,0.381976462238828,-1.41347178544051,-1.43226136049633,-0.871315489771191,-1.37181176259034,-1.18944805915654,-1.13580718122673,-0.781314895534528,-0.623130369635777,0.397804763322992,-0.571351710318947,-0.426838152395959,-0.0508755588806867,-0.482841333261042
18,-0.303971747118852,-0.769647737357754,0.204705105080499,0.0416569790338587,0.427144267376021,-0.0720096687743559,-0.418262260874915,-0.916055326817316,-1.09666265344946,-0.34865711843078,-0.133353652385984,-0.417135989180481,-0.753625653712248,-0.652017304390842,-0.156047933773828,-0.15052346796999,-0.159865968445563,0.310668251723146,-0.0190481770126715
19,-0.414307838609865,-0.151386019732616,-0.864713159347404,0.105040878995792,-1.39651869387813,0.0017338665023587,0.731624503781,-1.09889166637411,-1.30245165032306,0.152549633583256,-0.850205575308184,-1.65410293588861,0.234730708228876,-2.02201845600432,0.167337191667392,-0.634810681319853,-0.435180973024114,-0.222727645077512,-0.700717258204585
23,0.0799778152303975,-0.173973128701214,0.0159793532582658,-0.037649644468565,-0.582687449467845,-0.365499518989052,-0.304839365261364,-0.676439186969675,1.30738321215198,-0.532064232755749,0.0239450926698666,1.01809554927966,-0.112818216087436,0.933935756515965,0.229202529850162,0.122127077230923,-0.158574651265125,-0.0965835700830931,-0.146503176351787
26,-0.0856834222315577,-0.724169892931951,-0.102293576163021,-0.612870137721178,-1.32326148305116,-0.364342694708407,-0.734860891454604,0.00572607269879114,0.162387874369975,-1.07072563628219,-0.796989867829413,0.0620281910534149,-1.20485216385733,-1.65518697878885,-0.359543729477461,-0.718928426451087,-0.131322802616472,-0.347948852075756,-0.285302958471071
27,0.371652065478895,0.494170611026446,0.397841732100288,-0.109538460932055,0.141402340668834,0.111795687955724,-0.428869600020658,0.231728752786595,-0.693017572016828,0.105917859151493,-0.345524321756057,-0.0768900520882186,-0.121014921818223,-0.530845554469431,-0.325869055886609,0.33280939344707,-0.0470631738004746,0.0265394770384695,-0.0586761195003205
28,-0.527488481406688,-0.559066682395063,-0.721421702891728,-1.0824880374364,-1.70881347742262,-1.50220007805361,-1.18954783743138,-1.30737388938433,-0.265060079224071,-0.498564913375246,-1.08886682068597,-0.132047018870692,-0.349681992581642,-1.61137512139301,-1.39615845780946,-0.98718837569439,-0.824352466341609,-0.3422540843466,-0.861573389401998
32,-0.301600560318857,-0.252022124694391,-1.03577884813426,0.184898217493051,-0.403589984989566,0.392147090750036,0.698433961043956,-1.06573800261224,-1.38450875606517,1.43864875111677,-0.25915155048614,-0.739804464035333,0.523869761820721,-1.50483415285297,0.155011673603954,-1.01132142472816,-0.257612796688582,-0.140720759855264,-0.179264404750066
33,0.113549911719224,-0.234924266756431,-0.10385463354757,-0.308055889012276,-0.746266089518128,0.359851284478128,-1.61091182012481,-0.299835307319048,0.233262516909647,-0.738485296305209,-0.325249108878667,0.107596754328468,-0.742752672290921,-0.471894079979755,0.0779191999858837,-0.59872100607252,-0.0610870331732098,-0.629495908297322,-0.101026477920764
34,-0.534707083033866,-0.955312377250927,-0.64916826571975,-0.0276569321857044,-0.876456069041568,0.120189489683983,-2.75641080859955,-0.933708837041685,-2.03396724938624,-2.72002515785432,-1.45112336788051,-1.97391794508126,-2.20608565157098,-1.67476520263875,-0.0634168297461514,-0.984799394135652,-1.65303470866617,-1.46834348476632,-1.86906134785319
35,0.639959389683246,0.673119256473334,0.425181915616377,0.244592750127037,-0.312430559173433,-0.120214616397705,0.543758330048985,0.833298934074788,-0.809537608562821,-0.664663933494399,0.0433923639398755,-0.391119178381872,0.308377327495177,-0.0643013406985448,0.30229148886511,0.477174211540327,0.833208419473186,0.893372316897198,0.447418200487281
39,0.480090012556576,0.722984923286646,0.629128612926117,0.304971743732841,0.314198550818707,0.839196531358046,-0.096777265741616,0.299539338620669,-0.149856700036736,0.462013104111609,-0.425254319107603,0.25190590263207,-0.136543623099273,0.614110456254081,0.24153544444475,0.14311294945773,0.346810992541611,0.476609050290313,0.473210226591113
40,-0.0873146388484194,-0.154231403998967,0.134348522042899,-0.204109474604291,-0.734983256527366,-0.140784468142944,-2.13628790247657,-1.23766250188308,-0.234567296376418,-1.0795706365645,-1.2711152311847,-0.48011326645431,-1.00905699322683,0.998571002825971,-0.116075773771199,0.207460050874886,-0.19002110399436,0.0135539085204465,-0.507049243886717
47,-0.179132901431254,-0.439571777982931,-0.61553717587953,0.236038662041514,-0.0472978355465248,-0.368099257165454,0.197247053535542,-0.803665208914116,-0.258445553660628,-0.042767544674493,-0.010931222315887,-0.323392295658183,-0.427317889561778,-1.72171176853211,0.0618144825309284,-0.266474276010077,-0.226844032091988,0.0331061062725522,-0.0448022489027333
48,-0.0150857588490131,-0.0634954291944706,-0.0581613398135241,-0.352949647134604,-0.649888624342915,-0.40307880214633,-2.63137985325927,0.515931900708639,-1.49469643805142,-1.93920937074722,-0.0899077180281793,-0.287710300050072,-1.02187550965784,1.21651624097735,-0.887371176239502,-0.29173754379076,0.239496720183792,0.227481289436178,0.211900150202169
51,0.119971317362801,-0.257925958289788,-0.266276258800587,-0.291115260388257,-0.211617080152314,0.0406845115323479,0.566963437295365,0.433915497685393,2.02665852773626,0.480359715562414,-0.0717024241371067,1.18479436256881,1.04467456950645,-0.428274848142515,-0.10223363405751,-0.223658508017171,-0.183109847974388,0.02624903951366,-0.136332136212376
52,-0.393374327626506,-0.652001440138861,-0.640100056660227,-0.58736964720574,-0.676740146293849,-0.375459504027635,-2.37115000905309,-0.0924411282157376,-1.52977603536377,-2.51100827405135,-0.688225893842772,-1.41441647609106,-1.51909420036036,-0.859177202823612,-0.246904254942804,-0.593916716127741,-0.527855209480181,-0.620995341602236,-0.522960255713945
63,0.635046700539586,-0.0319097292018307,0.361456353608157,0.183791484290479,-0.0919086583185302,-0.46889644643116,1.77398039551131,1.23849167395571,0.579021935220126,2.60187737035813,0.501131279371802,1.017681806545,1.50455550122549,-0.107423277740767,-0.12872169652079,0.520220438935399,0.988221401747267,1.29785367593566,0.648435560643762
72,-0.295643879072272,0.143313259717456,0.491565366444869,-0.0991602783332991,-0.0094741259516906,0.158093072739981,-2.18104813921307,-1.71922550256079,-0.241037950388253,-1.6691558055315,0.127357813264775,-0.105987854899635,-1.04976710336919,1.11851757286805,0.212763645791558,0.522648907759407,0.225012371409534,0.0623408854772356,0.168392104705142
73,-0.422701731208627,0.372675379351228,-0.604865082730867,-0.137835000221454,-0.770970831149544,0.460038368718788,-0.145251374379151,-0.598942308954447,-0.128928685311057,0.521695356253766,-0.10876877345691,0.242639217975364,0.352369758785738,-0.504724932025669,0.178594354408412,-0.241302976153796,-0.230260228486678,-0.719366811904337,0.117293823741862
74,-0.206192593683407,0.301563405872852,0.0589111717125072,-0.629492148605353,-0.138311382895771,-0.553727543265394,-0.771645254556214,-0.286927119223499,-0.126131914346806,-0.705312731015488,0.204449744258421,-0.486289142870006,-0.252851903140661,-2.63177443262456,-0.708576815902453,0.19656482883395,-0.101235585709634,-0.212666867429528,-0.0767512654155292
77,-0.638610090456808,-0.749847611954602,-0.856447341958072,-0.507439704754602,-1.25917102093882,-0.657264273055512,-1.16954161256526,-0.0504415431207099,-1.32271965541087,-1.27493623173919,-1.02996397112212,-0.807611316223412,-1.95009047478991,-1.58767969264518,-0.654070427872609,-0.969464195852954,-0.73844016564587,0.0975231276215076,-1.24558995129763
81,-0.0985834951530329,-0.616386037635948,-0.0522353276149723,-1.03615201592172,-0.498724078031879,-0.897803761161261,0.636948087379482,0.740948688415325,-0.0843044514556118,-0.505991686137189,-0.196193026637147,-0.322560934657081,-0.975899867674451,0.58082602699871,-1.22711935076553,-0.162200233129716,-0.797948442960857,-0.482018534202014,-0.206902461411966
82,-0.673539707028601,-0.206478747791022,-0.357253857244036,-0.865460838566996,-0.0776211275441923,-0.768338182277536,-1.63627231084447,-1.75095979522928,-1.33401876294158,-1.29802908452143,-0.214078479229802,-1.02594905033633,-1.01853052042384,-1.33315122571493,-0.940718405525974,-0.354702390490538,0.0706327325725906,0.0818516297485049,-0.0100366511088809
83,-0.541374592916023,-0.568981314283602,-0.0769115706679523,0.581301640480052,-0.252742528578197,0.508775727437878,1.00733491334385,-0.846272398381018,-1.15041014691893,-0.290910811582317,-1.01757093219769,-0.785034770739045,-0.861179401676722,-2.49432339641708,0.457275918602629,-0.523786645266494,-0.748415014748571,-1.13705156500432,-0.862411527400917
84,-0.425815550742491,-0.400038776032329,-0.820358680879898,-0.145763387582986,-0.457429739787996,-0.18410643760591,-1.22181519198517,0.254214729951148,-0.778237760455233,-0.495144151129247,-0.0738248279843104,-1.02684326997861,-0.72084218572273,-0.707212432081286,-0.0504134932356392,-0.586825448380126,-0.332097854029902,-0.902342704068451,-0.507148849305122
86,-0.0408833926363979,-0.786615324282117,-0.248023346294436,-0.336802613636963,0.276656540427305,-0.262670766518316,0.277198279385148,0.403429631150832,-1.06751299369543,0.354760203613007,-0.0850182511744235,-0.859294707803849,1.04750941140051,-0.15163205552229,-0.352679676678863,-0.110854160644012,0.447553747494581,0.328006926232228,0.353871079356074
89,-0.410878911774858,-0.28552961534172,-0.288860650657871,-0.577086002490285,-0.308797129744387,-0.586584007084289,-1.49584270352669,-0.915797898164608,0.436652475722784,-1.13698882968443,-0.245715854938968,0.61359128662654,-0.930656115811751,-1.46748420247237,-0.61213719598158,0.0883328490911081,-0.850469256768218,-0.829256265251676,-0.108832042640642
90,-0.59022500501944,-0.959755632111964,-1.01881053903087,-1.01967931948702,-0.891590866546562,-0.391883475249526,-0.883922740629311,-0.374763117754671,-0.562164907866351,-0.367698865130593,-1.11666782930705,0.325180320527237,-0.877291686851374,0.249669459110759,-0.997882770439956,-0.777699582697034,-0.485180490212905,-0.387106576786998,-0.392713990025876
94,0.0389727137323678,-0.281942146141217,-0.158927522840022,-0.527528135921891,-0.561473287939602,-0.184272888147126,-1.29425959528009,-0.389633916841127,0.99619729834616,-1.34027904338664,-0.00981824255443242,0.729963097740994,-0.569305511489989,0.337683560092874,-0.436924237532437,0.112591295195853,0.259786555075628,0.225964125551043,0.309126636068955
95,0.0300726195158716,-0.396168377826881,0.297736462881717,0.467129885469407,-0.0452994030450352,0.663264819178921,0.0756094621675827,0.0242564048548712,0.605642320974081,0.910932075947237,0.170074176107825,0.682246174428441,0.192306999395973,-1.74313811746841,0.741109310514862,0.251126981760505,0.53637540365945,0.646280717460639,0.447817994210462
96,0.11066128622623,-0.062866683408215,0.309126662376242,-0.527496697779845,-0.32912096456278,-0.501112305017315,0.0204836743406857,-0.277122676960291,-0.995369961030089,0.407126153844078,0.126155833443727,0.0243473886228929,0.217902328715926,-1.77117675681859,-0.198215291525737,-0.0837005140189575,0.727032085703686,0.68497345753968,0.162754682197262
97,-0.0527521010211445,-0.17640615944023,0.0202631725194197,-0.074726032527501,0.144516474652807,-0.102623006246122,-0.636071137835879,-0.12603895758096,-1.27271443095376,-0.589865686891446,0.187743277519742,-0.506079637498214,0.402445475581967,-2.05130120057751,-0.371391212399939,0.0294654068213893,-0.339954102957454,0.0596506843105162,-0.0240182270728891
98,0.166260939988248,0.0776189468696191,-0.165295827675485,0.328382866369329,0.45114057758008,-0.0860838708634728,0.705953563296052,0.340505828462007,0.429859777085007,-0.441984089280893,0.0245344554061658,0.701851221041429,-0.116435348744631,-2.47342856792909,0.269725545304122,-0.0019777983296376,0.512255155238434,0.272808388530066,0.184520784538205
99,-1.40940656682851,-0.706539186725661,-1.07455467393197,-1.18972710788318,-0.857823078554881,-1.28565459736478,-1.21768639167547,-0.889002735973955,-1.32658444318767,-2.14781049748523,-1.49629457901096,-2.09095372351629,-2.61936760002373,-0.73075779805796,-1.28940156841939,-0.950890205445262,-1.25610685335512,-1.36629166568278,-1.205690331126
110,-0.019969388083414,-0.00394106555816718,-0.471841153121757,-0.0399459390902513,0.0933809114365447,-0.169087231993379,-1.81365409640444,-0.730277407733522,1.31301458786498,-1.07290153231328,0.332441793392756,0.636758568001793,-0.312395152350499,-1.8508313921647,0.20505251419666,-0.342084288195455,0.0168336839929893,-0.0125188454604848,0.0177132734535488
112,0.199048483534582,-0.419886791294282,0.574674263962802,-0.195608142191877,-0.966493830910112,-0.297716605012047,1.63023163043559,-0.179540657481638,0.50485313298334,0.547688823393592,-0.37085695917231,0.569043430046021,0.354434566005083,0.507441498124479,-0.446558568535175,0.175298370419853,-0.438950822041462,-0.659972159595156,-0.0907744361270542
115,-0.692052394768805,-0.717331975109186,-0.593818766059611,-0.979208070978422,0.783736710747511,-0.434732150010652,0.150685536832713,-0.410615933704792,-1.37587912215303,-0.440591411105125,-0.221493380884598,-1.51744876447009,-0.418647506462573,-0.340047885731917,-0.915064232889235,-0.411780729092365,-0.0885070759892567,-0.187247310903256,-0.183463824589978
119,-0.220463119839019,-0.756639727864933,-0.850465821515283,0.306609834715345,0.396509377592319,-0.436457504146162,-1.0345891400566,-0.0508066839369749,-0.619368388674389,-1.04804285278337,-0.181929675194829,-1.00864338765982,-0.349264372915382,-0.855787645212576,0.214503284052697,-0.450853919144367,-1.23906460507168,-0.913574202084867,-1.03298009235791
123,-0.156854354978866,0.141432549036909,-0.097238118099145,-0.312120124651372,0.499745166370807,0.287166971459541,-0.773902622370491,-0.196743848970525,-1.05391178153904,-0.237013703236156,-0.27981174974908,-0.247568213481286,-0.297782530864355,-0.392003764127036,-0.335270143332697,0.16240628452317,0.191465823820804,-0.319875592798044,0.283688054779927
127,-0.131318670036007,-0.363909090528558,0.204120863753158,0.289274728772329,-0.11632252236167,0.264962502725973,-0.609711807124137,-0.552037295445907,-1.92272677707667,-0.377319927005706,0.169082271773263,-1.40908427744543,-0.579955839025293,-1.7822143209894,0.117790728616498,-0.108465080548715,-0.747806333364852,-0.772581584648636,0.072839366043996
129,-0.130744960140649,-1.0653689094667,-0.122372324501993,-0.896541229289698,-1.0399106955833,-0.640175023718544,-1.49753835201963,-0.608434362361187,-1.78244586665888,-1.36789958192341,-0.9103457132658,-0.937924284927259,-1.78477467167621,-3.19278429923192,-0.944617959352982,-0.316240141878144,-1.06146433812561,-0.146564070361212,-0.858087479287336
136,0.192666334453303,-0.611050996296983,0.173297457656395,-0.189785655694993,-0.201169343868819,-0.127968210037999,-1.24210174322996,-0.0525364384421365,0.130701911188162,-0.809140837388249,0.243456261046568,-0.198603490543168,-0.778346351492387,-0.583070217403596,-0.57113403313714,-0.116952148608703,0.346594072969917,0.204444376715665,-0.130576477101591
137,-0.332899282771151,0.154344962972222,-0.743324958205336,-0.578182598330883,0.619030049032193,-0.356027125324149,0.10835336427849,-0.622950798643736,0.742599827960506,0.987015766552478,1.17199440494444,0.0412514879294988,0.724270222165669,-0.894234957730164,-0.699420429137022,-0.314214640015523,0.784604398708477,0.62482273955786,0.455238077722034
139,0.333582521116849,0.527989236721196,0.454104161754503,0.994996006292524,0.947765274992828,1.15937477034874,-0.355801604427688,-0.3225936349003,-0.0887488887928873,0.418726734296872,-0.0622299587710063,0.278694423446259,-0.230321512033354,0.387842916466605,1.1048633617509,0.497277420761491,0.00652952919243555,-0.191289974025507,0.439352643712358
140,0.0819627083615887,0.0212410300982366,0.232832786564002,-0.464479582909181,-2.17122677119008,-0.529497532123233,-1.9973972662466,-0.457450556511793,0.0161210752192412,-1.81224140417234,-0.672265532418598,-0.191276067973056,-1.61630788183605,0.476273657229771,-0.461834262399969,0.329475010730898,-0.504004808861948,-0.454065875943565,-0.187746526114035
142,0.0233060766261858,1.14655196893728,0.107962062111179,0.869804805074684,1.54509900569099,0.873770635015487,-0.872418513207711,0.606645252138789,-0.749056650822559,-1.03375947048028,1.20472136438312,-0.18615178570443,-1.02861498280034,0.440855392498444,1.16307391069218,0.589024161576462,0.505257395738237,0.45293302340826,0.405899044153265
143,0.01723665307957,-0.626870188826899,-0.49541843660416,-0.803990366213382,-1.13342032935281,-0.594692379404454,0.485788112808474,-0.162151020090404,-0.493915455973523,0.196347681371155,-0.262961513623572,-0.732875185552326,-0.318246849364757,-0.690624151067036,-0.583741720704194,-0.467334901740208,-0.609431007075949,-0.517182011791489,-0.42742036575897
144,-0.199815967910227,-0.138865911114515,0.580861420897719,0.0954924815286345,-0.588331203537027,-0.147459069873673,0.269662462593084,-0.208892398256596,-0.283493497868165,1.06283639461147,-1.69323914436438,-0.0565053260970125,0.995132182531401,-1.65534815069322,0.0851120831128747,-0.321075675313251,-0.949924715460572,-0.410819946175102,-0.881151039049611
150,0.615754772511407,0.401932945828295,0.562261014345809,0.88918106226841,0.784963038007787,0.575918049062451,0.371452497906147,-0.318122733160406,-0.368235572531375,0.178466217882617,0.096386486678409,0.298036752027481,0.36266085549757,-0.437434894484907,0.73473900442882,0.276024900951646,0.0316061105122964,-0.0899990581768387,0.207153518858492
154,-0.00217227917238521,-0.118647742621414,0.195144557010374,0.0263075289527211,0.382249666412916,0.254619883616633,-0.096679993053356,-0.643679866343934,1.18785725860186,0.675846593108352,-0.0475637649477969,0.104753918493517,1.63089845184718,-1.43681621658503,-0.241070383378748,-0.196999611515187,0.88172162749844,0.561500122883634,0.495360233441995
158,0.197586618130644,-0.0143838843380332,-0.417744612162161,0.0562768338581455,-0.664459633512801,0.164423445957061,-0.782644902809931,-0.690438165814883,0.962108947636822,-0.560260554384108,-0.474774898054007,0.337545689798234,-0.283045915760915,0.521559935392254,0.251898692771987,-0.160311473107729,-0.376458034560461,-0.314496788423791,-0.19544313736688
163,-0.273417812958508,-0.283062392640264,-0.0986321041203362,-0.471467536027697,0.0483258502170485,-0.029751097586653,-0.255020576218529,-0.521517314262447,-1.86895616778292,1.0949638398834,-0.206111414594572,-0.763446603568582,1.37227238592019,-1.54141477614038,-0.5450180121672,0.11160555566135,0.344977479574383,-0.735446916815117,0.0989125263037451
165,0.368947700888443,-0.132666375637085,0.648444791076314,0.17867407757902,-0.864875933311046,-0.276337821058963,1.78925747667748,-0.963008120154951,-0.588139721284014,1.91191558159792,-0.169310466716273,-0.519339160174791,1.51841848198421,0.447993065669265,0.191697027440162,0.447467688172715,0.579134078704106,0.0369146000688898,-0.00769117353398237
168,0.0442210494188846,0.328737834232936,0.378436012317775,0.0157343271566234,0.242161497742981,0.449544329358901,-0.902992718458655,-0.222377840162045,-0.0981118342697658,-0.849292641370323,-0.145322207738883,-0.0267107168129544,-0.659394935505167,-1.50601736482954,0.321352531463256,0.101304338237042,-0.0934074089526384,-0.0687198575001017,-0.162858969425414
169,0.195138004736312,-1.11502510815406,0.0474214592028483,-0.0446918614372593,-1.38240252049804,-0.111235112358484,-2.48073163549797,-0.484072024637381,0.32024124274911,-1.8977147617857,-0.979628178397536,-0.133410518716221,-1.30067807418256,-0.950640610660925,-0.163161649903595,-0.073828218352182,-0.558273730004567,-0.679326168620356,-0.341382923097825
175,0.709443626109348,0.357977804244612,0.654739499619696,0.452262859495486,-0.264154136245917,0.251291451969577,-0.464417863123509,0.0816807442806473,0.660040537051642,0.26804702713395,-0.450290432923193,0.602447899869274,-0.158417925923835,0.425325387978801,0.489029749702355,0.0362058606991178,0.0819145654523755,0.456600614984752,-0.163398042717304
180,-0.45401529342292,-0.109224476073573,-0.285075553868177,-0.534150444973846,0.66675974013004,-0.233067802962213,-3.62340591576221,-0.714167046630921,-0.916449866211313,-2.34884550521244,-0.733190121776256,0.117932856700541,-1.73757108342923,-1.42569712418819,0.0582265442785132,-0.227434060417521,-0.78746726657556,-0.860765813597944,-0.826338627301817
181,0.5476444050167,0.696254313031396,0.43390468430932,-0.331997898532673,-0.028025401956413,0.0360211232242988,-1.15107249780027,1.50558230918056,1.4188010184018,-1.20920034553808,0.176184599822984,0.700530963372307,-1.04238706679732,-0.542714908129302,0.00416665056568175,0.802106516021205,-0.475421538967126,-0.268464780761452,-0.0791879111090657
183,-0.803333913520011,-1.51630733839437,-1.20947689181612,-1.44190210510616,-1.99879463661801,-1.66244126642589,-1.12522878859708,-1.18855240699482,-0.72816748779882,-0.500111708452142,-1.67830620278271,-1.16835385227223,-0.486878726056503,-2.84673161839671,-1.6884475326327,-1.34466442013078,-0.897204578824421,-0.596636084826414,-1.50325658167006
184,-0.0499046567660931,0.128028374426223,0.0897398821842454,-0.448190360216362,-0.420889522172402,0.0865004850907482,-2.35285055865045,1.11209131329596,0.336689999940757,-1.91658769158392,-0.666702914727114,0.47865165038542,-1.82014314488315,-0.676484529681272,-0.321815123730156,-0.0381652475560355,-0.553495130580791,-0.486052993809624,0.00481891865780597
186,-0.509466125682342,-0.187281482315081,-0.313335021341888,-0.476941318094128,-1.58970506255242,-0.200392187210933,-1.74677122882043,0.301272103119208,-0.212405336741659,-0.968133124381833,-1.39810694628722,0.16194626990817,-2.19097665645246,-2.04056812748745,-0.56655455552956,-0.673278548645738,-1.39292859362726,-1.32988616655385,-0.972172984081802
188,-0.376710235776955,0.535621118080074,0.0167581392348008,-0.87245017046796,0.805417069990882,-0.345479637896202,-0.943397334423577,-0.503099736837113,-1.83146829829785,-1.30649940981045,-0.144902524889484,-1.35990591823199,-1.06785022545481,0.817535466981085,-0.464275436102994,-0.160271216322287,-0.350685344028742,-0.546393795444145,-0.0312889227842606
192,0.142636444040395,-0.334805409803559,-0.257807633721657,-0.371147796156932,-2.49504160076502,-0.196118778546492,-0.447203918958247,-0.191366904668894,-1.14254957273321,-0.262311334787066,-2.42312913277888,-0.22610205739432,-0.0295164732180068,-0.125194976715976,-0.411054941936568,-0.816594609073336,-1.36407834271113,-1.18889107284552,-0.971581586336429
197,-0.209867540932749,-0.828771705128998,-0.172263670145295,-0.465370161111832,-0.603576061903431,-0.227281135614921,-0.539180536654039,-1.31018860543922,-0.368305916546411,-0.209774679523852,-1.02580873868815,-0.360861967216969,-0.0337449518422269,-1.65361420804864,-0.554854098994611,-0.190349436901713,-0.0952744085583336,-0.236830423509905,-0.39690347708533
199,-0.44575158465731,-0.497447725630477,-0.791557842826601,-0.626469346663086,-1.07579805210564,-0.309237614830873,-0.310291766451982,-1.4689912355695,0.3486565102625,-0.318326183120662,0.161042365002456,0.1471870786224,0.473757368926343,0.750410522170832,-0.54085890860395,-0.320423084073683,-0.805824613942397,-0.854729672221615,-0.296400319254138
200,0.389822328074505,0.474781631508163,0.152246321005122,0.805306676316465,0.38616618703373,0.705181337209808,-0.557760570137212,-0.570497223832358,-0.733266812668122,-0.239642622497026,0.490286155343872,0.13108551732231,-0.305359426066802,-0.574061870784969,0.850984168098709,0.804573230905298,-0.0438173177260655,0.0645350276985574,0.489191191574478
205,0.19700858817819,-0.00755830670699731,-0.548108968197536,-0.104092331398953,-0.11076015113225,0.32462802347546,-0.467539723611884,-0.0224681815244045,0.0674341713380918,-0.721929282369052,-0.559410207527168,0.0969028231412723,0.0560075644693936,-2.65674069364868,0.2503224527008,-0.48517634162434,-0.11797948849274,0.0908484412452447,-0.0609830942166964
206,-0.105912663626578,-0.234301428745941,-0.472205144371629,-0.952433251496348,-1.60420453651299,-0.666063396690822,0.0975698831254454,-0.951667735254495,-1.89023483302947,-0.27270342563537,-0.510141488916336,-1.07552706173411,-0.0398844108098348,-2.06024303746398,-1.09114561593395,-0.307167516267699,-0.445565644000921,-0.871130243844104,-0.51255007318823
208,-0.254502393806953,0.184078686796818,-0.74787007666789,-0.732357788609749,0.278813449320857,-0.720511729875913,-0.653437471140287,-0.357453569149663,-1.37132271615442,-0.211767216013161,0.2309873524752,-0.89954361657394,-0.901628163760129,0.350885123411734,-0.840434589707813,0.0586809170880069,-0.31883167282344,-0.434921343386123,0.0726855479015333
215,-0.873423570595935,-0.180255457605126,-0.982993674045332,-0.480762531640823,-0.0512517755881843,-0.616420508971225,-2.27077488182638,-1.40846366625607,0.15105641427131,-0.736557167854466,0.240232274818978,-0.0311107347173307,-0.287847057532341,0.293985567815956,-0.359177833630892,-0.400303484834763,0.474987698668501,0.893867614789791,0.0442750000776671
218,-0.197474829255423,0.519466209467197,-0.394407363862994,-1.06292101950475,-1.87862545734382,-0.577052544809441,-0.781034498994501,-0.700295706502613,-1.88293083250045,-0.717624472792218,-0.558017535745548,-1.52394194901024,-0.215135833701426,0.817599577009466,-1.07715692548252,-0.306850047354822,0.65853824024037,0.582912903134419,0.407718300145851
227,-0.447941750140064,-0.925116928032577,-0.711822200744075,-0.702700454593002,-1.07091677475983,-0.939240655154077,-1.40002364549357,-1.03229146131358,0.233900493753018,-0.792798789672157,-0.771247374336682,0.127865231127827,-1.56411495210145,-2.21146185321568,-0.431974185788614,-0.696284971605868,-1.28912311933501,-0.830890514962363,-0.868380699577869
232,0.331029142801891,0.214948801854393,0.585618119056259,0.547485919901368,0.502961737183629,-0.102910353906044,-0.433041812795623,0.613279051684709,0.758331761636649,-0.124133862530016,1.37734470510513,-0.717072909909787,-0.485135886663331,0.625398961803536,-0.0141517746290291,0.671048362714438,0.342876275098309,-0.42386369540427,-0.471678830438152
238,-0.453455162464175,0.282719018836678,-0.751684058417949,-0.631436521254262,-0.715887335577462,0.223149912282645,-1.04600463477167,-0.244913402527978,-0.129066256008034,-1.37123975175307,-0.561680262016298,-0.226385019289072,-0.595798918441117,-0.0861902605936599,0.382792980036163,-1.27000179893739,-0.26835623194156,-0.854240428841902,0.367453402474222
241,-1.14308123383446,-0.659876466003936,-0.85533726918244,-0.571496610038413,-0.49444158001298,-0.701883776438891,-0.756610799576746,-2.59547777356099,-0.365900904931982,-0.583105678366846,-0.737649443818637,-0.898145709315198,-0.845084224895971,-0.497652972151824,-2.68940031249281,-1.03703944101083,-0.510228970083909,-1.0462204891657,-0.728875402807325
242,-1.52271213529011,-0.415554188411934,-0.30571743980083,-0.812314659332173,-0.545853898698742,-0.436980365041263,-1.47510969255334,-0.937409583174627,-1.22292400306003,-0.223008451476305,-0.615623634226777,-2.48409908952662,-0.23050551990159,-1.01280826503545,-0.240456978652502,-0.67909447185917,0.403210964689626,0.0567186931202574,0.732176165402445
243,0.0189185518086372,-0.0224508135021839,-0.043544956716099,0.130791269420335,-0.114464963262879,-0.181489191310734,0.770070923931051,-0.288879779403846,-1.16889059253721,0.449856693378781,-0.911758895249709,-1.92594740905274,0.121467930263177,-0.840098373549216,-2.02302258221589,-0.110581403772956,-0.038994095966277,-0.723859263035092,0.0303017526163106
244,-0.0685192827717742,0.63558436374982,0.394564144740032,0.574277711538061,0.836753189585075,0.46735044864339,0.163937706414976,-1.11935381476151,-0.0282285449682104,0.402130493485281,0.604687778127874,-0.860424234529523,0.482921798084257,0.707773354425866,-0.90883132365182,0.402315195239376,0.321948606494274,0.0449814168437475,-0.46600167069233
245,0.10686989593067,0.234413759152699,-0.289192728717417,-0.00824036671664029,-0.45249597211057,-0.218796510115945,-1.32281910692268,0.632683879885446,-0.725142101189767,-0.429004862403422,-1.23347848638436,0.800594747873989,-0.85660994925286,-0.387203277107827,-1.30887341007551,-0.459723089658004,0.998820446815041,-0.645964284362544,0.0205764247548738
249,-0.309917628392514,-0.294369346413347,-0.172987123852806,-0.248159871405371,0.132110250432661,0.138010237264268,-0.124320583743509,-0.0370745633454259,0.00484167507355238,0.485290165401297,0.274907688997648,-1.17797967735515,0.0731366106511247,1.00636927137127,0.018128403219832,0.460670940902349,0.171088721406217,-0.237491559182715,0.02233880127947
250,0.875381951792409,-0.336465413410302,-0.479906636549693,-0.294927388789835,-0.362450164910308,-0.648463211156234,-2.74707426512777,-1.48868349963539,-0.883849177054927,-1.91347136328009,-0.093300753581794,-0.764139762021234,-0.958911447468771,-0.579356305345851,-1.75774683495333,-0.278299605847713,-0.489706721800582,0.42176104914211,-1.21931876969192
251,-0.309813820648407,-0.190040509452213,-0.323825766895399,-0.105024399429351,0.0725565748690414,0.302976276690472,-0.313786647582413,-0.640290677842645,0.634296677355769,-0.186799639336262,0.57945878211235,-0.348860927585057,-0.150672515844239,0.263565529266516,-1.6539789276349,-0.280842083105838,-0.508741444976806,-1.15486087410578,-1.73118543266587
252,0.310532855935743,0.206728177623911,-0.442126240845684,-0.133684669445682,-0.141877365509679,0.180550869920423,0.869097072921224,-1.70104163483342,0.523024767815288,0.00665652546748194,-0.752676205045853,-1.45864308995277,-0.0646463605093935,0.2342481208662,-0.874226005722759,-0.272540998640081,0.073342147144149,-0.0748309775691378,1.76164306826504
256,-1.90944255691155,-0.549799777081765,-0.421463050402411,-0.703401938163155,-0.511337174034475,-0.518592549667053,-0.779489324284934,-2.51227683106925,-0.469389722719424,-0.275592650135744,0.19077308052118,-0.838668591083287,-0.398523218998134,-0.839143256676609,-2.93877192789776,0.108758051090411,-0.294471968339183,0.163357724935616,-0.478572802478564
258,-0.958551431274879,0.0399137069057228,-0.981214663679573,-0.514497148592387,-0.651941959074446,-0.296680684461022,-0.39912027748758,-0.0290981564197275,-1.35119179128041,-0.238781048313864,-1.6314910245692,-0.53618296021456,-0.558762501796537,-1.53394182976393,-0.309447115448982,-0.533386948155365,-0.49048799358173,0.0346296395110782,-1.30907238030201
265,0.745161376753642,0.419932414741457,0.758818513532086,0.6994573772801,1.02178302907061,0.625232611969599,-0.444900007957487,-1.529529633085,0.579379559019292,0.157739487674517,1.19353042289788,-0.543797636878342,0.616513905402708,0.82852171820806,0.122652666557481,0.682185540208438,0.480517373869649,1.79852758168726,0.434940094602794
269,0.0311538334519686,-0.0217853684815795,-0.207228929505179,-0.532404297385146,-0.204484204037222,-0.46259681403355,-0.645599068496253,-0.180383460015316,-0.770746658368149,-0.124789600483991,-0.910414404913477,-0.0668415380571715,-0.898826152629944,-0.884517834927168,-1.97426669327254,-0.237783930365474,-1.15575153446325,-0.502134870987229,-2.53573761241838
272,-0.668786447681763,-0.108135912264712,-0.817109288176893,-0.0302281089976828,-0.314406468047745,-0.26042081030271,-1.46443999039278,-0.755087039884786,-1.05547538343594,-0.525765711828375,-0.141260674304192,-0.0561647523819391,-0.653175541054262,-0.381116477094064,-2.34248939527261,-0.419890721476498,-0.147368650332763,-0.513296756952819,1.03242109366133
273,-0.449910325835535,0.651312770501757,0.321232221718843,0.382271829861736,1.00115284815921,1.09207943619357,0.805353808783323,0.134333714773412,-0.211222596041833,1.671403518212,-0.592922432796446,0.424632342018706,0.632511440740337,-0.633346782122779,-0.138987435187695,-0.471696933164437,-0.133504684998938,1.42837781554323,-0.597882033911951
274,0.754649420221323,0.168281204231255,-0.403606714858487,0.0473254337539664,-0.358917210610792,-0.1847301760258,-0.384963726483813,1.55594698480316,-0.70757538686327,-0.085192577513752,-0.129414878898895,0.348344832985085,-0.321174419652296,0.0185197931026988,2.00415057072012,-0.424130798442334,0.335425586513458,-0.153607574839418,-0.970998368255363
277,-1.2966248991789,-0.0397807215017897,-1.28510547752645,-0.710980484106461,-1.08170950800009,-0.199914921701036,-0.195536183218427,0.337757109225492,-0.734195560706578,0.0280397477991589,-1.70749396132237,-1.09729674288181,-0.575848400768231,-1.5920413022626,-1.81161559263144,-0.859287250525539,-0.476225591785685,-1.95624795646471,-0.476972842859905
287,0.347791106533618,0.338625307352056,-0.456904975065483,-0.898969269171273,-0.922626214835852,0.432266752221327,0.142406813889927,-1.76001023068857,-0.862173575902365,0.151763038618177,-0.955514999458699,-0.74751778093219,-0.048959309378857,-1.08883025597721,0.381296700116776,-0.65686216071288,-0.293005467451812,-1.2266580282543,-0.65759806706611
291,1.11953213282286,0.454628376047269,0.0599630788812587,0.321105676513953,0.119547237133399,-0.41635259424247,0.241210975590181,-0.216553158307716,-0.289099488961968,-0.403938250001511,-0.9658284076275,0.388203087601123,-0.377517721103791,-0.443969565794027,-0.68876570846334,-0.120768288587614,0.641177450094916,-0.0749359387262409,0.761017807302315
293,0.214482573133969,0.551818771754419,0.20442655245973,0.172342457945418,-0.330464530353135,0.0697701711659117,-0.384223630224061,-1.28962195069617,0.591618554684428,-0.00733745748217741,0.149123583789179,-0.680197033783032,0.261628550459601,0.479394473525727,-0.0110714059003046,-0.282798565597831,0.273823150122173,-0.432777418581617,-0.792233593419188
294,-0.086408238298721,-0.89675235490943,-0.681000583345814,-0.135380763336179,-0.362482933042765,-0.794835430581693,0.6088065165316,0.484128452784176,-0.813243849814942,-0.00935352744568048,-0.35787617488788,-0.724573924836607,0.137176750740583,-0.911015058581918,-2.31334631362338,-0.601941058493813,-0.343736547414631,-0.731488148966217,-0.90372746547127
297,-0.404735705793291,-0.100544741498938,-1.31376191339486,-0.833698386228028,-1.03899699146316,-0.0715646718442963,0.557518965372524,0.691432902854311,-2.35835497307585,0.424070285624926,-1.53270669877604,-0.631876211382912,-0.503540001410486,-2.09333282154527,-0.644278651238529,-1.2721915534939,-0.619192147219226,-1.03854741595483,-0.713141144876662
298,-1.49735687686838,-0.949690282297084,-1.0579083868944,-0.776256114792301,-0.418524106477229,-0.591889358895582,-0.875985798845386,-2.21835862062466,-0.596774965647981,-1.34997229124836,-0.880203226505146,1.00816211833368,-1.14294970135986,-0.95187299210709,-1.98717789919829,-0.665529659144463,-0.194921449620087,-0.940269901801017,-0.827724359976149
299,-0.439489295653609,-0.31528482110291,-0.232074148638949,-0.381439267028865,-0.380655872363631,0.0684451165452832,0.227746390461271,-0.131499589811339,0.517693271431267,-0.730342356473928,-0.137910952812082,0.154150001516507,-0.352616126837617,-0.0880833402422632,-0.635648337227296,-0.764380872435276,-0.501211357268379,-0.748528278863821,0.67443865320741
300,-1.16794697880216,-0.259469265214674,-0.708516619652854,-0.767504341974586,-1.22237955596212,-0.359753613371347,-0.654156795161269,-0.62171087506747,-1.41172299215238,-0.880791227723244,-0.522282062449012,0.946661252317613,-0.868325959173089,-0.928658786214958,-1.02939937898252,-0.31391667165882,-0.501505821966855,-1.20099987477995,-1.04212380745887
305,0.437844203884528,0.334940218903566,0.874465343388104,0.287597642577863,0.311858184827118,-0.19201165062875,-0.0719200276732588,0.401100755729741,-1.66189997087264,-0.632548469635107,0.0489525788997384,1.5768233637304,-0.11617038686897,-0.73579985290822,0.982060883549587,-0.189244375804753,0.233239101266798,0.698686313179637,-1.14309351576219
308,-0.43060448612784,-0.374380948792373,-0.800234752244745,-0.709836705007349,-0.782300845085016,-0.733460098553996,-1.13858233946438,-0.428296484232627,-0.963728019125727,-1.02561131730543,-0.646900648909674,1.50060735652867,-0.846122101396664,-1.16637200607463,0.487478676956885,-0.932243215499252,0.298695788661697,-1.37459156502762,0.257948428674014
312,-0.157219607254182,-0.88330636428085,-0.331017526994654,-0.499617685838839,-1.37324099048051,-0.922327497462099,-0.915017796022267,0.058637635561266,-0.438618627253617,-0.287533542956914,-0.308097648753739,-1.13454423935231,-0.280255236519095,-0.68542348646857,-1.89798184422911,-0.522395509714554,-0.29572801555253,-2.03298074562461,0.271631599677899
313,-0.610048111576825,0.0170754813923729,0.329631856651773,-0.285987189029164,-0.0437363454617464,0.376050126880437,0.182609044876449,1.01163315895921,-0.042992325298059,-0.670522736004825,-0.000317919910448663,-0.443900758611815,-0.21429971831597,0.52137762451777,0.361780598150561,0.049885820703569,-0.0533526578305134,0.979023204058357,0.292988452727001
318,0.24023876324357,-0.109380202262258,1.0050213551253,0.510065383828545,-0.0273942537696205,0.112816399876737,0.323586901285702,-0.329662378772164,0.343886670742893,-0.49229435984304,0.987316999936277,-1.13102443734504,0.0622490093615602,0.0608135121463443,-0.359133457104138,0.692265561600951,-0.754033550607182,-0.925328086992939,-0.747663010764444
319,0.38616534470894,0.614842912555172,0.550061765782045,0.0248179418858617,0.365810172840598,0.202136539217803,-0.270563014357982,-0.55185454562033,0.113693509797696,1.33087724255841,-0.29411838269592,-0.288719875397416,0.331428545631444,0.510155069266289,-2.78945012048138,0.0123105662214726,0.204889102796648,-0.355085584708174,0.0449749775915537
320,-0.436428643672536,-0.340473707723266,-1.65319752816693,-0.527862158616636,-0.333300428761881,-0.313367296360627,-1.2035180649521,-1.30156328111346,-1.91350136309859,-0.771481795720191,-1.36758499386067,-0.770070217423852,-0.431837102378466,-0.997233778924961,-0.0420850819557645,-1.80771445500891,-0.273487076267331,-0.936740842130686,-0.542926941115125
325,0.482377707814963,-0.0205354174868702,0.132522015306676,0.232020675287215,-0.226697256496488,-0.013090403690351,-0.246781006724214,-0.0900678531672472,1.16236498956256,-0.538588683538065,1.03636480807116,-0.853765678877262,0.328655850036617,0.941596790514472,-1.00538003156445,0.378161391521878,-0.0770156485561605,-0.668074663082648,0.320039072709671
326,-0.858052762178984,-0.77175426850592,-0.0304321081739138,0.0867565987609699,-0.446984631298793,-0.881177932186265,-0.125341245077295,-2.15767608057059,-0.749024957093264,-0.593661267401778,-0.418321930178663,-0.0284438886077594,-0.773806707152203,-0.462914195895811,-3.92825841869512,0.263667862704085,-0.358392478466098,-1.01703045138766,-1.1926618553371
332,-0.878374376221296,-0.651653088905826,-0.734134454995663,-0.684461706017896,-1.20496904351808,-0.500572600032116,-0.668207120028749,-1.56034872968277,-1.05702481230205,-1.3569867268375,-0.73489547177262,-0.350753758720765,-0.270046891517953,-0.682468204289333,-1.05567769895949,-1.36657635522141,0.0636782411366674,-1.45345478214414,-0.802803435864123
333,-0.721833982559966,-0.185725450796779,-0.539967074347814,-0.776146007186728,-0.772038006154592,-0.684768062885428,-1.54530713290337,-0.935241740668265,-0.507710657194389,-0.363931150339783,-0.0585982703761727,-0.599477838728401,-1.20131732896402,0.182842110671562,-0.859908880927775,-0.72985235253817,-0.278081717259733,-0.871477421507799,-0.0596788223465141
335,-0.424717090283042,-0.0280152459436676,0.0522279375732225,-0.380108679312012,-0.571510119965965,0.109184209016256,0.368990605856569,-0.971236029419552,-0.0327784641010357,-0.711554080160667,-0.360840292276599,0.10716877001635,-0.472882049929244,-0.311025086989194,-0.823524608579052,0.139559489376475,0.0493375908346461,0.519061293943011,-0.25141972492297
338,-0.836258638508466,-0.845935055407586,-0.67973752519522,-0.062448889605539,-0.279999008237131,-0.203597955000547,0.434899713692718,-1.38409256487294,-2.31786977083787,-0.876447420974646,-1.30666287910877,-1.3498962228296,-0.240128740975846,-1.50226120724001,-2.06235061765804,-1.28032681626142,-0.324209412568338,-0.85320485146203,-0.800577809307786
339,-1.51792287937077,-0.439756699265904,-0.784002487028386,-0.284642117841323,-0.61911489996413,-0.313226070697,-0.48683681327695,-2.87420704252489,-0.765389330097702,-0.0667057180584276,-0.485159750599046,-0.0805888021948912,-0.567658868492956,-0.762173664221901,-0.766485790766511,0.275370502770418,-0.14402589324815,-1.18628829716851,-1.0205421375124
340,0.0895575473407737,-0.0612235646844246,-0.00389520151313688,-0.0159909253697797,-0.489285303472206,0.230040496065708,-0.292385390920208,-0.692627966200493,-0.451798659742479,-0.378181319671495,-0.634589829441536,-1.66114126085642,-0.117691781217099,-0.109788658438004,1.1700337190091,-0.349642257496447,-0.0905790561500467,-0.923865745527589,0.38781347402022
348,-0.349353975167733,0.00546639316166397,0.160179370751493,0.448915165542879,0.398300769492188,-0.165281287637799,-0.679339165280169,-0.379024273523027,-0.746475698856963,-0.0603255041573013,0.151266146082445,1.22409955135433,0.228941436672511,-0.0490922555044397,-1.85593812061107,-0.669455970617739,-0.11165812848442,-0.616502809671439,-0.496429363144829
356,-0.919165140156631,-0.281366293196027,-0.0256452833415721,-0.124339308863328,-0.424958929936385,0.114667301025381,0.668562699237345,-0.750474625976237,-1.05577058355458,0.602768348883302,0.72617630010885,1.22312315799445,-0.0467873078773059,-0.36758679843445,0.185213313323286,0.245033543170641,-0.132378685196229,0.13153041469887,-0.871722412791016
359,0.211466887122929,0.400051539586429,-0.194529915287434,0.513087588627181,0.3023812522294,-0.447901185526918,-0.0854441241238323,0.282137189134516,0.0217218696391783,0.288679493305767,-0.0760394481968455,-1.89103739164906,-0.209609075516049,0.590567342982554,-0.0899669285542545,1.2958706267119,-0.164632067760191,0.120409853802278,-0.3475625659415
362,-0.286359507877548,-0.241584720542966,-0.689688128856062,-0.712780026481612,-0.703729368583111,-0.714573149260436,-1.28385416720675,-0.888491053722132,-1.41096685062155,-1.22314685236907,-1.16672248968629,-0.754496374264797,-0.980149496657135,-1.0699363970525,-1.92901458149995,-0.701314398032567,-0.424663962601088,0.679585176496042,-0.597839511362162
363,0.240766008408758,0.264726186604961,0.268776320372099,-0.0502505059850798,-0.199725535833889,0.323226771055844,-0.0939000253089573,-1.98874759272233,-1.20461744002012,0.47712815945376,-0.305147347213196,-0.101098668182915,-0.396258657981039,-0.436348279845505,-1.39740011921585,0.124643142690911,-0.120208519035016,0.379375756338854,0.823500782500331
364,-0.775960416724728,-0.761365614033647,-0.215835711247475,-0.602811752811247,-0.878859215922965,-0.427707075767286,-0.963701266072166,-1.5159811318502,-1.19928561793396,-0.865373318191575,-0.312049366892237,-2.46756522731717,-0.560915857867163,-0.425656572093705,-2.41495381017251,0.041136079794987,0.20342644734884,-0.265288291456563,-0.488395182478804
366,-0.570163450888872,-0.977747124411326,-0.585751744381306,-1.05541739144913,-0.452046742931602,-0.0509935448429089,0.0530505265457136,-1.79961090204859,-0.831418510222943,0.249999580801274,-1.34968381486883,-1.47852936751103,-0.438219092242237,-0.94231055579288,-1.22368750587985,-0.584420532524733,-0.244386703528389,-0.406654986130071,-0.496068021751074
369,0.224947045948507,-0.920504621440988,0.0667687707265804,-0.302146487784797,-0.675268000250927,-0.961105152513048,-1.25009146209633,-0.736262776034223,-0.439138031588423,-0.956785801581126,-0.682699429562704,0.145028550163064,-1.14623605597468,-0.153801424431291,-2.27302907475735,-0.322960101694313,-0.550327846751741,-0.779985222478124,-1.93561245773163
370,0.137625601645432,0.540658760826133,0.449937041256664,0.256696350477804,-0.0707980367029052,0.816793287930996,0.547700833718931,1.44657323775743,0.899991002969936,0.365177265399165,0.31433099116104,-0.669788545555521,0.360683642136873,0.400187809522483,-0.367241712437929,0.0445364825769818,0.0922401360444287,0.45307242235186,-0.265759140053827
373,-0.151826223207204,0.497378474599472,-0.156901390463615,0.132787608369119,0.46921327757011,0.637493159442274,0.119064163206689,-0.561181981869093,-1.28556798527633,0.699575550866677,0.318615792877678,-0.348933038487429,0.244999140913359,-0.456533937860953,0.00368130899640948,-0.375124489134644,0.384494514557512,-0.0133520047500481,0.930062752266096
375,0.0220476302937267,-0.0226197435889795,-0.471312495886598,-0.0448491699725702,0.731383237803717,0.108227883613081,-0.408225033959579,-0.805700889080628,-0.791564252237972,-0.472744872267238,-0.609396822019092,-0.28488554515245,-0.341510521005572,-0.181252836611499,0.00887127801794277,-0.706771157195404,0.0468270417692357,0.775072535019629,0.664331427017143
379,-0.628886791853233,0.0670337046405827,-0.578890868744564,-0.145090792739057,-0.966498868361091,-0.0620805646862323,-0.270682296520522,0.215989570327948,-0.66357663013704,-0.763694291848374,-0.929776105894172,-0.149042371169995,-0.802953610556808,-0.583963110044902,1.19471062922101,-0.707079322495075,-0.272803776261069,-1.10913580044421,-0.00124363056469142
380,0.364115288697494,0.215882573742596,1.16212294893724,0.230975604425838,0.558688806316644,0.218210571453985,-1.17928798562806,1.40787974197998,0.910755911721835,-0.68780075714397,0.379089800677548,1.79611542549909,0.0775807130768173,1.29055162745597,0.101360187292992,0.958454436421057,0.294825819071272,0.747047110267509,-0.323489653650767
384,0.274580722651346,0.145597924826714,-0.801397440815951,-0.602800093109992,-0.725959444107733,-0.482807674571888,-0.228112672560288,-0.116027531344143,-1.48692761203344,-0.0555116771205916,-1.3225013641155,-0.122408414336362,-0.0469305601275626,-1.04351915332514,-2.72224377188022,-0.776629110574499,0.199775245394451,-0.924990172205315,0.164581266082373
387,-0.0914214638433747,0.27396138905603,-0.0590103223287778,0.667944051108105,0.540401680503675,0.473401013043899,0.889594184016001,-1.82465906897287,0.812585725698731,0.323922310315682,0.294306705109382,-1.58002536594194,0.0815028842536937,0.912923963346544,0.435795502524445,0.689718401746554,-0.150182225606348,0.0879661813684337,0.0179279965554429
388,-0.597110096561534,-0.396777478519503,0.275651442731234,0.286720859190689,0.112079858314175,-0.448731510424365,-1.13171252623681,-0.268645033393077,0.90311543432946,-0.552641135493543,0.408825539597315,0.210795081804571,-0.63585862032871,1.07943444662274,-0.387598541721698,0.347780201243123,-0.0227077365175299,0.12905273626591,-0.196756817270004
389,1.20617623674829,0.452699053920406,0.660994267537476,0.687275973130739,-0.136662226001423,0.209284169864504,0.321007041381708,-0.452774183572091,0.500522657648479,0.294467384725431,0.969250295364683,-1.01860879803475,-0.0253074149863857,0.174922921990772,0.228533082556252,0.498617679356314,0.417258241969633,-0.0508895610024717,-0.0531192476737824
390,0.0646341848503087,-0.271058697652912,-1.41669220007418,-0.398316847220867,0.350261286719735,-0.314177518417962,-0.812005697265915,0.161141470072421,0.509842322143635,-0.603770365504412,-0.522434722694318,-0.561493819866222,-0.174085934430201,-0.0719006157418286,-0.278179221711942,-1.18846691978442,-0.053980997468239,0.197896768818677,0.636276220117436
393,-1.46565912571813,-0.976383257897775,-1.15487643667225,-0.800333298967858,-1.35747540262072,-0.869746231634426,-1.06108115953049,-3.08303650545168,-2.35792205058633,-1.35507415892866,-1.16918741706074,-0.223090878130012,-1.93154950186295,-1.96233166750082,-1.40590051312607,-1.33508306710264,-0.431202919083949,-1.66909322747051,-0.548828307545251
396,-0.90806328075523,-0.307779731300998,-0.604903658301528,-0.422964373622798,-0.112244142571197,0.111970360377685,0.261941938829422,-2.56307008406436,-0.432030297088153,-0.385492296362451,-0.449501751637257,-1.32137970823467,-0.263053855002917,-0.160187738930425,-0.07893781101272,-0.60817283833818,0.280716040505266,-0.290917813948972,-0.350012493515313
398,-1.02356426329917,-0.640367341401014,-0.24015168049849,-0.469931838049265,-0.69003495724558,-0.677085886520857,-1.57417046117774,-1.73169375929129,-1.4945333392278,-1.40916296648391,-0.897055411664942,-1.18621744692882,-0.477541632443059,-1.39154463832497,-2.14000607953897,-0.395664936564972,-1.09138603975146,0.276523812448904,-1.83551595278314
401,-1.3351331447767,-0.279285627036467,-0.780623294782594,-0.23799304025846,-0.441647557320522,0.255697547054618,-0.695306038886246,-2.96576364279213,0.427401188793813,-0.0861533075679566,0.0610793419437648,-0.0603295501323853,0.15941660467324,-0.0327750682882493,0.547406209712993,0.0458842254165102,-0.455605746662668,-0.0712738567103675,-0.586016850848696
402,-0.00245813537644615,0.0855036853392772,0.830850874997731,0.0867998329961833,-0.186264386640411,0.870455631634773,0.522929907834312,-1.598622285255,1.96890452029585,1.43331080464144,0.375640922461709,-0.127170750389294,0.46419984461487,1.619470398623,1.43903497068089,0.878864126229331,-0.243474809557982,-0.241719605506363,0.0932090323923581
405,-1.16795485943945,0.129361395478064,-0.157773273257807,-0.168998835780667,0.0825670484932525,-0.228194311899986,0.552656363539588,-2.77202524327129,-0.423647893161877,0.332762083948491,-0.888795506674175,-0.00616533579291512,-0.136705325184756,-1.19744745168334,0.86579823247202,-1.02040211902802,0.177642695361564,-1.26876896975,-0.763156114850239
408,-0.788534644551801,-0.874327900709313,-1.14847136564819,-1.08422557699728,-0.89714107333531,-1.23606667379127,-1.91046349032982,-2.58508837135748,-2.14436747049689,-1.29989912216983,-1.10921975621068,0.788533257527003,-1.02600475673113,-0.935158252139703,-1.35841983572601,-1.76530354218582,-0.500957173436418,-0.728643999131312,-0.759473006101971
410,-1.28263855289949,-0.0966364502159462,-0.333646307173566,-0.113758970155041,0.301612091606494,-0.111819584015627,0.495440867311754,-2.31507694553938,0.244719947504546,-0.129279525661879,-0.749792787096229,0.0600059765974477,0.0178301578311507,0.454721751114108,-1.64512971466906,-0.0637034624858963,-0.239584494208621,-0.559068910626981,0.227311082060604
414,0.429723839216662,-0.195775553978044,-0.308662305338155,-0.400840556314914,0.342216902541105,0.00359138865204214,0.384959819440593,-0.0437207597666419,-0.115014255932437,0.164495679904127,0.282005907597571,-0.783590789035169,0.164700069667539,-0.0596568402156878,-0.709677415130661,-0.699768220799456,0.517488949959146,0.974781421746075,0.172404333355536
415,-0.10813220446288,-0.501612660841936,0.289891092655741,-0.00865453920917054,-0.143837078111584,-0.69733712714965,-0.0408814039028351,-1.48007612746841,-0.803322075655377,-0.0244750810134777,-0.137486304101422,-0.0840464542765107,-0.214300835241856,-0.970961005068471,-1.0548636656095,0.164262889286637,-0.064285970004323,0.797907291628178,-0.645775524915922
420,-0.561175089338484,0.0217566565526481,-1.05437266709786,-0.79420737604333,-0.504955825647297,0.319637246652554,0.28593144032819,-0.979068198909953,-0.915358890347309,-0.286915527669197,-0.558620461601828,0.22138725343211,0.520202500508506,-0.848270540085577,0.251090804522078,-0.683637242566376,0.632210352247293,-0.641721779779859,1.32157409444316
424,-0.887257570667858,-0.921494374219444,0.530361667354493,-0.109504890986844,-0.422611785111976,-1.11573540734048,-0.902162444547131,-0.665090797121059,-0.0969737363813026,-0.195567076863196,-0.0472999352409284,-1.04380774367472,-1.34537792318626,-0.0706880085236872,-3.88976070925718,0.335810868804279,-0.0665615867342067,-1.05631250817292,0.953197060978789
425,1.24259161515947,0.578982744969215,0.220719729428079,0.39811001609537,0.409202301185325,0.267265904838543,0.179388312835628,-0.523131318869429,0.955990323493978,-0.0152999026591022,0.296696969233537,-2.02249948778664,-0.321980583004051,0.568283673586606,0.0270188177384483,-0.186809953017208,-0.271012125100963,-0.763158124440733,-0.184706279533008
429,-0.26863663772865,-0.633805106881771,-0.138883633700143,-0.812502823111879,-0.898056666776956,-0.470972180455991,-0.394682382803549,-1.29856558842247,-2.23127986632274,-0.704093471337057,-0.372549197830959,-1.6643931526306,-0.642021672947144,-1.61226011686657,-1.99081812629025,-0.587885941276148,-0.624094793719697,-0.378438304640674,-1.95226736182819
431,-0.0978683848038331,-0.353952571265738,-1.59073856776893,-0.924855066599565,-1.55352987457329,-0.151386887862818,-0.570319400500216,-0.351116230344801,-1.37198898119678,-0.611465209183291,-1.58614468379244,-1.43974450471312,-1.21867241007853,-1.53057254936571,-0.257016783016057,-1.78472195120519,-0.752623568605058,-1.65859768905108,-1.1978472822337
432,-1.6986707462989,-0.264970639622431,-0.59729448809428,-0.11904215689711,-0.444888161829248,-0.700692570907967,0.174141364348912,-1.3837528890293,-0.266999166774525,0.528546019457559,-0.3548081383613,0.651445844016162,-0.239178101707008,-0.297332110655934,-1.11395323580687,-0.737651676083912,-0.778430531676169,-0.0556570747037137,-0.77383683955244
439,-0.400154375677664,-0.458915548824274,-0.476148873047933,-0.416601273820803,-1.05394634616848,-0.874854999766944,-1.64936936917176,0.947136072528787,-0.97022340790205,-0.682678239096974,-0.529094423336001,-0.652664931273156,-0.987160133637876,-1.57626997983174,-2.0591672986538,-0.171790649870954,0.141458009136525,-0.644206810148381,0.382121736000105
445,0.579837858647692,0.390111217838305,0.480514472157531,0.610289967977703,0.612536112120643,0.349118901299252,-0.147145119970281,-0.965816796711115,0.40708802300079,-0.286164337229769,1.12612602821059,-0.201218997009316,0.0904290259206068,0.149361689669472,0.942665243631282,-0.0378805559809716,0.70489861803049,0.739480739838159,0.584574390064537
451,0.557333523914422,0.661637409099159,1.27842980099666,1.50745577594296,1.44138105152212,0.980697380862673,0.319957887941599,0.493593746296845,0.496202158362969,0.858753086858841,1.2451156469508,-1.69323083782236,1.50088738705369,0.892414189464663,0.378274444125078,1.29705466063306,-0.221627413278789,0.32470268537792,0.295073271142407
460,0.83964298727849,0.190593472299007,0.417155549226077,0.513597272574718,0.745530206504891,0.00989604961133387,-0.178060782462093,-0.415806544092529,0.39652205791723,-0.0438165195510942,0.786494952693963,0.195564285469521,0.48579788186255,0.548567848748183,-0.467903665966843,0.882330424239415,-0.456005849913096,-0.0376902754390864,-0.0505792813080675
462,-0.830148378996702,-0.342170821822159,-0.431375596880088,-0.265510320575463,-0.592781770606474,-0.392908321231966,0.531155584040127,-0.0680965379025339,0.22875885559073,0.204254793405738,0.198731350629878,-1.4768396871532,-0.753610303501231,0.32369005463517,-0.172747531822562,-0.0108822209606687,-0.208499222841509,-0.440258743699948,-0.0538016924445889
467,0.620459856049869,-0.376767305190514,0.297541642098587,0.0929415546045124,0.317249493775141,-0.435775852511318,-0.358962676562326,-0.789257478579838,-0.580107100312757,-0.613581203481773,0.858786108178168,-1.86779017173629,0.278343540058456,-0.1297720513041,-2.74440705105499,0.507603620072278,0.0172858246356594,-0.00882906869854356,0.366407114821649
472,0.842818109294267,0.782477304511509,0.259716302193014,0.0412411643814145,0.309424310488747,0.935631814972234,1.16426568447149,-0.23819000564278,0.0183705342794095,0.702315725849595,0.437857960976953,-0.752470243250516,1.32762954181285,0.67096141809298,0.832830951234514,0.310955189896699,0.296418065540743,-0.593017540267775,-0.336096253249338
479,-0.794159495365053,0.237096827865472,0.0787065347185305,0.255293982730691,0.251373999723244,0.289750010185436,-0.163640841076151,-3.06671790211123,-1.60159554438567,0.202166832735264,-0.910420116425765,0.873652851614909,0.0943728926880424,-1.23702759468897,-1.86777240617337,-0.459992491327812,-0.106877958491908,0.647733646747486,-0.737603948890744
480,-0.0457162407660979,-0.389488026489962,-0.0371461731527724,-0.323630510478159,-0.920039428857329,0.0539366382890266,-0.488537406698067,-1.80045262527954,-0.0219000198149656,-0.768149359280968,-0.474997948013844,-0.172501021192374,-0.436621774830263,-0.353023411448036,0.0493579145676132,0.0920118158364974,-0.221360546078703,-1.80968831509966,0.666868959359399
481,-1.63358766715335,-0.933708258604539,-1.24200842903164,-0.515549183265615,-0.714023891808112,-0.676598502259089,-0.581556812284444,-3.45723265918649,-2.00759062886225,-0.826367262638238,-1.98463913287283,-0.936839537357176,-0.950696577436073,-1.93248634363033,-1.38065216785686,-0.906486919665039,-0.514280312000448,-1.60459673097023,-0.701217084658326
489,0.279972661705856,-0.0649322264346023,-1.08554870337484,-0.860884861058832,-0.65841951322817,-0.00986116667951181,0.0356900195556059,0.046159943459083,-1.06167191868511,-0.376362628061143,-0.924883088741381,2.00991062959041,0.106568691964839,-0.962359697712067,0.495756537085474,-0.824515841394985,0.285765845306517,-0.691848871786278,0.399661597390694
492,-1.39154695285877,-0.432712708993971,0.45627912749766,0.116041389067086,0.929614787254577,-0.589901768699603,-1.45433230636037,-2.29394343030383,-0.14399424939948,-1.54122711080946,0.136294306497415,0.144813095943861,-0.853343560908091,0.118271675455761,-1.82093724651244,0.504740232345971,-0.0668569735627705,1.5092932820063,-0.645014866406432
502,0.654666152722644,0.0909938022358902,-0.838899280676272,-0.576833184058657,-0.532400997423412,0.0447522721819228,-0.4238749619954,-0.326862527353735,0.21220561731854,-0.189867123988249,-1.08389169198811,-0.25001341352262,-0.369351849819994,-0.919137927368194,0.476308059889829,-0.794241024092366,0.170277792279592,0.302137335228084,0.287246716896237
505,0.93959700875126,1.0542276629201,0.299812083519523,0.698110531346992,0.118433335156332,1.00659970128298,0.439207746767223,0.0262615932803752,-1.06017086087345,0.623525526569956,-0.525815064776449,-0.0131967584316692,0.641868611677357,-0.607192462661845,-0.605407628919663,-0.00107250721012949,0.235540888857962,-0.297390497799043,-0.0069947745398602
507,0.630493210745661,0.0317421472313962,0.381014966558384,-0.0446573860814837,-0.243956848249874,0.379983817534323,-0.0602691583476329,-0.281242255668244,0.570135598083191,-0.309810270170139,-0.424423061386399,0.400985006645582,0.319895291053642,-0.00768254761892965,0.701325039266319,-0.390301422651509,0.00571408096258228,0.608222186377363,0.080087890447682
511,-0.47730940803348,-0.407783138974872,-0.250819432745483,-0.25343136025161,-0.693908924475754,0.454951739115519,0.0346786090842964,-1.87966703107695,-2.26217905513375,-0.505868394126974,0.0538963293962534,-1.65459206221056,-0.381075004325146,-1.10303805706408,0.543865137792716,-0.493268133979909,0.459718997359114,0.0525621088742078,-0.619436646478629
512,-1.40726691395846,-0.58531696964042,-0.471025757046901,-0.500432258261834,-0.504030350537967,0.196306032623193,-0.747016828664658,-1.0775068143301,-0.158757934528153,-1.12881813276725,-0.516695613773041,-0.603827436936613,-0.864366601840484,-0.267521569291761,1.05980279694376,-0.49364022267579,-0.337342041963921,0.150975320070231,0.360268481446206
516,-0.56989545320992,-0.385901713797102,0.53151962572616,0.148719091683609,0.592797568802625,-0.556786512024593,-0.129352645289892,-0.931497982908534,1.20703352435675,-0.371764405555182,1.28613970023324,-2.10508481109467,-0.0081812786066166,1.16592656656644,-0.0435831553638333,0.297422712984186,-0.800896817383848,-0.737801783353929,-1.82439968870278
520,-0.438197498621644,0.198437695294301,-0.380479766038952,-0.45557300457443,-0.57913196933131,-0.29426064449257,-1.25572167448059,-1.96471386780586,0.0965849137963573,-0.515493713483755,-0.735139785813332,-0.496111059066221,0.0384795013731067,0.0242431877220186,-0.995617596338399,-0.0991053801988166,-0.524568982574727,-1.44125404250189,0.599539109144478
521,1.10312489425976,0.434171070810363,-0.182255077385891,-0.130572994362749,0.581869044163751,0.0993259571238291,0.0192512804848672,1.97814522817145,-0.230789762214359,1.31640532727966,-0.501814139833159,-0.406871480627961,1.08252352103713,-0.0248601236216433,-1.85916574461434,-0.743301640043262,-0.208797866048585,0.248524919355819,-0.207177117705591
522,-0.585554273266907,-0.361161756746245,-0.266275037823546,-0.28088308264921,-0.696005564834545,-0.538901882646852,-0.395191319547302,-0.888271498878739,0.348588327158051,-0.328798143419708,0.230025995112537,-1.2646079304488,-1.10173838335965,-0.201110473197898,-0.740067691804068,0.0565971738349998,-0.535717788678763,-0.799594501171389,-0.371488146813486
523,-0.347860474040793,-0.227763540776375,-0.381740322573569,-0.222223969537242,0.295100012624192,0.384693231608802,-1.23296007426188,-2.30027598387143,-1.65682113160351,-0.43837657878342,-0.515055464225195,-0.0861401632618368,-0.0384083376769548,-1.26144557905037,-0.691638148644563,-0.323700677515801,-0.107272572282986,-0.112289653516974,-0.759744906600126
524,-0.333230805606473,-0.0864628261783932,-0.403040121064012,0.0965566604182941,0.244697931996431,-0.717585087937501,-0.845491143496184,0.10340569088101,-0.796999558808204,-1.68720180648694,-0.601104673492946,0.374457082293267,-0.871991013296467,-0.915417759812544,-1.52703395970556,-0.363194524608494,-0.380494629372435,0.76921050471215,-1.29878238268531
525,0.591413157040248,0.552697332107567,-0.26077567640355,0.33017552993766,-0.585232618658679,1.08548382091123,0.85426561818849,1.54462504385959,-0.245511025263827,0.512980179272857,-0.090787675649144,-0.355386210717977,0.15361778781616,-0.229481802499379,-0.19510310896419,-0.64277959272248,-0.0653719032795499,0.0565605340471927,-0.963066016584268
529,-0.179339516462434,-0.299140993180401,-0.913280910539289,-0.45969141838302,-0.128080675502068,-0.629382963372825,-0.542532356627895,-0.717944442132188,-1.2501487474226,-0.575391415027,-1.28553042070812,-1.66696937146027,0.0155860378595041,-0.719220494388539,-0.683655757021545,-0.905403154205904,-0.277969928727575,-1.17986160848346,0.222434746663173
531,0.354676857542941,0.664098066740717,0.553654282211957,-0.256897136960579,-0.416726259297094,0.555083455138011,0.218190303709901,0.715485581320158,0.853403263078445,-0.934745954434389,0.641327842196519,-1.55679475677074,-0.231260204198181,0.20993742151292,1.0133958846447,0.0931814757927734,0.0729536679011693,-0.9878852084062,0.120259095207729
532,-0.489829946322374,-0.297130497612935,-0.0425776253755139,-0.220545167579322,0.404976299172633,-0.013671669397618,0.662213343675281,-0.949814031330616,-0.155698540115732,-0.100326081518779,-0.33325980067847,-0.944582913969613,-0.37951534148347,0.0346422448762274,-0.757331606451671,0.245951120297275,-0.0126290763978077,-0.428654549005648,-0.549835158882041
543,0.123824802533663,0.152888918987484,-0.756511848981693,-0.106504892230884,0.110195749913779,0.170054001889534,-0.466869792957471,-1.3929305026802,0.727034266910835,0.467131831795209,-0.358988468202332,-0.399702334781216,0.270543469746268,0.212316799716698,-0.365073451353976,0.125384990822587,-0.145507419557352,-0.749548682868504,-0.852503811223847
549,-0.166467380580719,-0.400458445817832,-0.472673878629776,-0.000601839820738633,-0.109435006987439,-0.372530034809524,0.254587664391082,0.916091229584125,0.0326216629251562,-0.277622321310352,-0.197312523844847,-0.660277047249855,0.384138857827921,0.566652650705454,-0.587940372247136,-0.200993809410794,0.051308908712207,-0.391101629299895,-0.85956269997741
552,-0.243117984490372,-0.771962014181211,-1.2609194953272,-0.375174704756939,-0.153648879338817,-0.952415149149575,-0.135028277022662,-0.0887151951648739,-2.26874022775003,-0.855155759919211,-0.991303051441281,0.704224394391514,-0.168075920274146,-1.84191939431201,-1.85882788790562,-1.21970573198499,-0.260280895530242,-0.84030435213272,-0.085174339187718
554,0.750190578239483,0.228624772664184,-0.0378902747045556,0.185139234746903,-0.130500185916527,0.0820068517274374,0.132209835787753,0.687326111041038,-1.82385466812892,0.53388465180846,-1.1579042685685,0.0746135282753717,0.169661146183604,-1.21931875240807,-0.79441060373326,-0.877618243985612,0.318940174757823,-0.238157043564804,-0.47801848231444
556,0.629849953047196,-0.177106193676411,0.245771043313,-0.0435457928970685,-0.469848348361659,-0.327869951815061,-0.4911879387663,0.858543326595617,0.112017052802485,0.30328864190266,0.0504443361992854,0.197940851243423,0.410224929365841,0.119794894472113,-2.18973915300499,-0.214433399662815,0.139913600783473,0.167996915297713,-0.709927758287146
558,-1.06910174203346,-0.834364870974154,-1.50578508487191,-1.06260529735064,-1.18012338061907,-0.636631029150421,-1.34840081135129,0.0574691191384062,-1.67235393710063,-0.775562776677779,-1.1370265473821,-1.48521457027834,-0.700796994049727,-1.79741325518421,0.288648830382326,-1.92033526151846,-0.551275245129992,-2.12588350361069,-0.256231323312732
559,-0.195675243537323,0.120419135228308,0.0925599725813399,0.172596122228111,-0.313221325639349,-0.0204370838673325,0.0146482240076087,-1.25819448401845,-0.529722392008504,-0.430845265356215,0.212416495596199,-1.58679113432383,-0.627668333652628,-0.44756911782612,-2.04648327033228,-0.0148245114060352,-0.510158044483833,-0.0904569771795499,0.180975109377847
560,-0.22964039119941,-0.184497068058307,-0.261195408739388,-0.116755480661241,-0.638432775955871,-0.451846894386969,-0.682989054593963,0.154162102702165,-0.574904771576982,-0.487290299396666,-0.31781153436359,-0.45403942942097,-0.69531752359302,-0.526534990532297,-0.555274645176846,-0.261590062022582,-0.755227341811835,-1.60916200346157,-1.50672082065171
561,-1.2103059157946,-0.26090911416274,-0.488049338761258,-0.354384485671449,-0.626272175523263,0.173580059093025,0.522496444790972,-1.99959623381717,-1.08706734846506,-0.397818371409895,-0.872996630738279,-0.264592060126322,-0.339017605610443,-0.753546261575745,-1.2941919322096,-0.750962469759074,-0.553326470614394,-0.596407126717585,-0.806140248490382
562,-1.11866616278058,-0.988975744126165,-0.950052053975631,-0.690443249252141,-0.451073930564071,-0.369578109123292,-1.02578669422644,-0.455008097219658,-0.946580232918474,-1.17783519338764,-1.62531363263685,-0.967681948443121,-0.496340955704355,-1.10243371198721,-0.291365786237065,-0.907560091383948,-1.04121314249163,0.261524232505486,-1.22072043191066
565,0.438344685666875,0.152729230392151,-0.417575565783612,-0.297406466153557,-0.603079612430226,-0.556289963783039,-0.814358637162794,0.769537622220027,0.606968490957332,0.151476910488229,0.20961751574364,-0.724625468833364,-0.586046157608543,0.184023717230576,-0.680941296340157,-0.072190523030642,0.00443655757413429,-0.237601440436619,-0.0439860731078731
567,0.577430902738368,0.74634170701578,0.247334611316797,0.392217949884593,0.0343269257267038,0.690078519149323,1.90143066978864,0.455080226680841,-0.994296522566129,0.742008015115187,-0.14536706057653,-1.92803015692315,1.16973757429224,-0.921258523772482,0.676686192044567,-0.213623667681884,-0.337440728323753,-0.68768884661623,-0.473868700714392
568,-2.12119340361245,-1.22821341902639,-1.66746365742668,-1.29000394598655,-0.889008970897861,-1.04615286177064,-1.56094713580429,-2.91820773032228,-0.563577608632354,-1.14326759784138,-1.30974741116608,0.61184040901082,-0.774824309250271,-0.540324496850616,-1.30669233565177,-1.72694158791998,-0.393988842206884,-0.847163309997024,-2.37649788075902
573,-1.56353980227875,-0.373875659049694,-1.05217213139509,-1.23204527465106,-0.793031016467413,-0.228203471162455,0.4895417126828,-1.64459689843578,-1.33148384423022,0.106349929220925,-0.19663222727821,-1.18820372775403,-0.807882480626727,-0.688177400837214,-1.34250252956329,-0.937680035579997,-0.179877781354092,-1.49630761762665,-0.595302333104032
574,-1.11618563987668,-0.804682497719825,-0.91045516774222,-0.778247400370191,-1.30059187284786,-0.984461979977417,-1.26326952948585,-1.88223032173878,-1.69284582655938,-1.12480696067803,-1.76749767495471,0.490186103632943,-1.44891383137239,-1.90908173919843,-2.87288095267187,-0.668571101192435,0.0852330142664591,-0.542276123132963,-0.792905985972271
578,0.0796381329439593,0.0633700597663144,1.27756005369433,0.284017794851957,-0.617042272707384,-0.0733961317470541,-0.0409532291330854,1.87274623793844,0.604148442358569,-0.155434389223036,1.22333235355117,-1.22400212460453,-0.15105342162948,1.3407731538527,-0.543796567109377,1.07744239551859,-0.233365337378468,-2.29392986796175,-1.05701053572332
579,-0.353735695803571,-0.439107746883776,-0.633305488409401,-0.550709349678482,0.116360550944452,-0.5293894899042,-0.756967683506975,-2.07500605348666,-0.691434113205423,-0.565631533449056,-0.975058126314381,-0.991559296102671,-0.427491132830294,-0.703851389600236,-0.659872938456612,-0.976551600096953,0.0257556811081651,0.0524961364576535,-0.127582688548062
583,-0.348929675223533,0.107894952047098,0.100553341624555,0.288550898712632,1.0421676277034,0.524972219914343,-0.0806161183786012,-1.06557994530985,0.642900087313036,0.255134478897068,0.626270172450087,-0.523049005382739,0.704316543334854,1.16971065495541,-0.392928450583536,0.016100990516211,0.101302656342021,0.912378480928244,-0.413426991812704
584,0.416891330468358,-0.00463323016131486,0.0754573599952221,0.893998952457866,0.965436242425419,0.241319674493287,0.181738794481333,0.17672745105882,0.328944199838624,-0.476960641492969,0.069139308380654,-2.6758634049284,0.547289968477395,0.108760303973576,-0.816960817596737,0.239095196494286,0.0262123151121186,0.667966614541096,0.209628127569337
587,-0.538981985346255,0.43120604334265,-0.117335239339016,0.112412020980011,0.188019435396944,-0.167176341122329,-0.48625272061152,-0.761892966750759,-2.53488050000895,-0.358041552225598,-0.626677549613061,0.0620170989229274,-0.0161530941301561,-1.41836254555162,-1.05925145877899,-1.08204749029411,-0.00158255145138726,0.446522174215299,0.574001374691029
588,-0.407424289115286,-0.2583860861951,-1.20559938782456,-0.777558599950444,-0.11156743704632,-0.477424249832299,0.163662019734564,-1.08621053671374,-1.9782142117038,-0.879809874332148,-0.190310816331874,1.29616799424059,-0.84501565179235,-0.880928373792937,-1.79900014503835,-0.363975523986895,0.0737768529824358,-0.670045316394902,-0.831139907171337
591,0.0266962452764616,0.159035926220716,-0.426826550114471,-0.567312430932551,-1.32335770919353,0.428333961056025,-1.29821362423762,-0.228284971393155,0.606356487279698,-0.141423495890445,-0.282563800778481,-0.357517216853338,-0.310383417103458,0.368978540578727,0.105243496460229,-0.827547437382499,0.119299171140662,-0.673535891431017,-0.490117356125212
593,0.113129810253952,0.227688402192855,-0.224435668505914,0.144996416846159,0.0707924054334616,0.194057668614397,-0.653978864278232,-0.891565761543619,1.33120473712793,0.453325842355611,0.245381857626189,-2.46533588315187,0.508580698773444,0.871088724160138,-1.79677483426803,0.0250199742530625,-0.148337217873761,0.944251471872278,-0.999911105891858
596,0.367952111805141,0.219976116079309,-0.498462504951982,-0.639632831949161,0.120132100268624,0.564082434456032,0.03336527928778,-3.13678614969052,1.49123732563188,0.0331591485298069,0.578056022930328,-0.869854694760422,0.288450862444174,0.820511266311431,-1.30365762910725,-0.749701639007789,-0.12014353117424,0.00252203739825347,-1.03418829528589
599,-1.80558477166098,-0.561583709297028,-0.262890088945015,-0.0477762925034133,-0.0526217651360837,-0.58474883211565,-0.252384636556486,-2.84592490263274,-0.920149144798518,-0.60232099167307,-0.423995780932717,1.00319221883191,-0.22539679523511,-0.77522317593778,-3.96062601462099,-0.697248329169664,-0.318946046951408,-1.3074455339719,-0.425027119505614
601,0.0624536883695911,0.146051430852884,-0.165975326489203,0.165982250381587,0.239860123914637,0.533224409791665,-0.248081851198712,-0.166825967611255,-0.386730841157772,0.0351609153582297,-0.257491500407349,-0.0784839639087402,0.268461451662254,0.394721531770207,2.26152928112827,0.0563890340112948,-0.0921865130338451,0.574027170530488,-0.179034393746459
603,-0.251189785113099,-0.21654449211425,-0.15257976142722,-0.321830402574946,0.0628874667783525,-0.222314013023209,0.426841113297003,-1.21134150530481,-0.631057755192529,0.0273766046933824,-0.500778764753114,1.51885546799392,-0.350111565637517,-0.273720378534284,-0.444377995486145,-0.407984580034097,-0.223064355779781,0.325020852590448,0.372309433256638
604,0.510774689349919,-0.249744778040905,0.781986015803919,0.0356417476619996,0.185525778260062,-0.475442198799124,-1.40488071961213,1.80806174284514,0.297509513776009,-0.299185309299832,-0.63704499100171,-0.566099646595534,-0.568225387704472,0.414893814583054,-0.976998771748491,0.437798370262673,-0.201150651395638,0.357174535131063,-0.35229162904778
605,-0.36504296139635,-0.553570469012265,-0.826817990896916,-0.266822821019888,-0.247388092110151,0.354976573613864,-0.0685860566753332,-0.334350635267228,-0.554271366463427,-0.525117919495581,-0.434084961334506,-1.12218585749041,-0.410053028600707,-0.772976069343968,-2.95303200010636,-0.642794384695698,-0.430268420575649,-0.706213349723291,-0.0667538661120015
612,-0.115379905138147,0.439104103390936,-0.326058576117967,-0.273609403083423,-0.410264844460291,0.710245845343599,0.809363211433453,-0.662870640751859,-0.641396204984643,0.353543546123565,-1.0472817133315,1.21168761905428,-0.0212353986841461,-0.517309904449557,0.210008689413315,-0.465764908529479,0.282523102733639,-0.234602847229279,-1.34539811658557
615,-1.8170895551232,-0.6914020177312,-1.20206355605833,-1.31725227022456,-1.10799744419007,-0.498271825244039,0.155846824431306,-2.73357285765502,-0.06934034003865,0.368003988070652,-0.440797158648906,0.730986527397676,0.0198082012263965,-0.75619791930694,-2.50589932375999,-0.498395818524519,0.0934379685490779,-1.27734840294214,1.2279977773895
617,-1.25171190098335,-0.696377970194278,-2.20190643233027,-1.49428288263784,-1.13709919348693,-0.99267403770373,-0.993468758761068,-2.00967113659514,-2.17101583583729,-1.68319270588642,-2.19008001106726,-1.17190790987153,-1.23347279148749,-1.86981015944063,-1.84558957290597,-1.42547598415481,-0.274516232413525,-0.979632628527227,0.432729906482883
621,-0.618798141359067,-0.0693365517492526,0.0968316481635282,0.538263429382411,-0.327796852652759,0.207738629709712,1.05347909385427,-2.04603297361796,-1.03822087285509,0.418311563711469,-0.0283308337210335,-2.57678927949227,0.153467857608501,-0.29458033585745,-1.21062167744769,-0.452924438244244,-0.204593097214296,0.305226239127319,-0.79806944937705
625,0.124270674737328,0.0166527832105103,0.553042312806548,0.388202351746709,-0.366734546354611,-0.281495233900106,0.149039321752734,-1.72835873179461,0.840738216668697,-0.350132174145417,0.649312078713015,-2.26903605495947,-0.00867826826901439,0.723423145294381,-1.06130048967691,-0.201199012196325,-0.0298174168876061,-0.718884184096803,-0.615881277379326
631,0.351736214657327,0.141143026414683,-0.0140182958684303,-0.163064441668741,0.00819598274380795,-0.380019861681623,-0.889191988513029,-0.0202866780515052,-1.06134245995731,-1.41911895095062,0.120120908380206,-0.259431635528576,-0.000932984628879837,-0.876243802163882,0.0548420613479503,-0.701735846952743,-0.418664923949149,-0.0673821356398383,-0.0710270534775248
634,-1.11933743993876,-0.320375563687443,-0.477444870762619,0.120298804351223,-0.399878406619537,-0.589613991760159,-1.00408158953023,-2.30547638310909,-0.738295140716836,-0.671823784259666,-0.366975902804909,-0.148335363314523,-0.817069960641808,-0.636420566146512,-1.19055247952166,-0.320134497673981,0.240152683308347,-1.0666096790331,0.430938669944543
635,0.139721361796111,-0.251501283756958,-0.272652650988477,0.111689615642929,-0.249164616457834,-0.205174570717535,-0.638830767312347,0.837739803797175,-0.808538089612952,-1.01687347445619,0.0107467326820246,-0.0919166151045445,-0.230553332744635,-0.0385850108889762,-1.20610223954223,-0.382971416458328,-0.00466070298578698,-0.483645001851146,-0.0302967412116965
640,-0.239556118765908,-0.171786303970959,0.0657001062548182,-0.0164583633723701,-0.0209171004945898,-0.426770919621004,0.476086202388222,0.0696805405456154,-0.76238439983791,-0.743012611421793,-0.014441209697253,-0.298320380973126,-0.862250305474618,-0.432074622987851,0.435654924025414,-0.0141238816670168,0.419855226011507,0.576234119074931,-0.222352045253153
643,-0.14443242828252,-0.462071434661239,-0.967464205949705,-1.03594528285745,-1.06829913765813,-0.358826267654384,-0.509176540563049,0.978432342198887,-0.28910239198622,-0.402050119045483,-0.883266383813293,-0.993090479684391,-0.779209119542096,-0.838187879378064,-0.471664941397441,-0.464400574679554,-0.66689215927716,-1.1038348503929,-0.809001546881119
646,-0.154373368671618,-0.609193225057883,-0.901916294876097,-1.15829359933784,-1.5949594356086,-1.24523369643919,-1.73154692768002,-0.779092697168932,-0.881955902004004,-1.57331647920597,-2.05353279025939,0.0209092730285871,-1.18402603588283,-1.27495137127042,-1.91022172366799,-0.108239444655774,-0.449298681044908,-0.798682811306483,-1.72263980734556
651,0.508651052055508,-0.373246283031241,-0.195572715221229,-0.330542966185272,-0.26014549246773,0.0250859608236009,-0.647183528081064,0.779562908369259,-1.09696745884454,-0.138980572402143,-0.796831810349309,-1.93088234480403,-0.0746955212349458,-0.517853213350698,-0.00170350135022426,-0.412991901541004,0.00242887534051052,-1.77457454210913,0.185889951554037
652,-0.962090579226401,-0.539105329223934,-0.824264587162634,-0.946382107294121,-0.892870402467548,-0.511362573956751,-1.02492539099797,-1.53684621229643,-0.754689133743737,-0.241543999196996,-0.161958947566537,-1.07509114612992,-0.482146010936963,-0.538652587557756,-0.668945164289107,-0.474737567348741,0.055345112768672,-0.953126217416004,-0.14932778681592
653,0.630287931085436,-0.289014157843385,-0.0233335286240854,-0.302974164128069,-0.0245851653239772,0.230909556981679,0.816511521575142,0.261166170349909,0.910381981392465,-0.230908942517333,-0.278601423057553,0.148541413862997,0.277021110213103,0.543598503227237,-1.08493693903445,0.0581093546710821,0.294020038271457,-0.856775033194525,-1.75418220462224
654,0.0423129789529984,0.0542637307662831,0.371949985321119,-0.0443696041937576,-0.464549383023257,-0.469542044784786,-0.862297625185748,1.57236293377754,0.733516261671857,-0.500835255159656,-0.301655607308336,0.742271108504898,-0.844750221630246,0.344526427965035,-1.6849649064009,0.535931406608215,0.270687297420625,0.519179206869276,-0.853209758610671
655,-0.304835875482168,-0.0160377713259152,1.64273369954822,0.765512763231674,0.149930300245742,0.269945008922279,-0.230120468522372,0.261734836094279,0.721930959901545,-0.11886562955641,1.87735071477636,-0.452395323331032,-0.155666680577933,1.38315287141368,-0.284839614914324,1.42758024758419,0.104688176026875,-1.20096852125232,-0.721572563973313
656,-0.43192733428316,0.563225844692124,0.3552490673696,0.100981921019829,0.366532858678986,0.56620788332741,0.13479455717869,0.800236434043994,1.10709904161282,0.358685610998487,0.160121800950176,0.199722912458801,0.603024718191439,1.09289558929092,1.59489217466451,0.400007723125493,-0.0181571149784014,-0.16002424252711,-1.40394005442975
660,0.222146368270782,0.111794902754976,-0.134237423511187,-0.583331633752317,0.00855711924662987,-0.361998356902991,0.699859720873608,0.405679064250714,-1.10934602949182,-0.461138537270217,-0.1238829749552,-0.541291557572446,-0.569040253057736,-0.509470407530003,-0.967688830026246,-0.813315860713592,0.0406736294655116,-0.222315405267231,0.848538989081339
675,0.958218841019929,0.189196768536278,0.123961396058365,-0.274023519848413,-0.0157709898518896,0.571687371594634,1.11586202425846,-0.141988922614763,1.0475748556699,0.628346656975632,0.258286101461836,0.50984532779602,0.455802080334342,0.91413450834965,0.852948292885468,0.97079799954136,-0.0860724785685767,-0.470606355974408,-0.164741509990102
680,-0.568078855919255,-0.747155919925229,0.378092744196537,0.0918440548296562,0.0731368681029264,-0.18632695188766,-0.322027348505097,-1.37245227199599,0.101046989799062,-0.567699021129047,0.0694463547815547,-2.12983736150052,-0.195774091942137,0.348780123546199,-2.64265052543819,0.660532224344432,-0.45552834084354,-0.060337611675135,-1.1546979872098
689,1.12113378435828,0.553139738827481,-0.361822132433211,-0.178542750538775,-0.64741998900157,0.2932894911264,0.165531342733672,0.884259393704783,-0.198317161321307,0.714543290226327,-0.532485914739469,-0.824319583370879,0.0998532904132151,-0.333952822683225,-1.90707316973205,-0.356380393204584,0.207884469852714,-0.52632108550141,0.0469804182620144
690,-0.642741878387557,-0.195307367709016,0.238873062171453,0.225515925485084,0.156753392364321,-0.556906236963359,-1.42870186275088,-2.70244050990008,0.684167486361929,-0.211993314412702,0.388916686937737,0.10531935370752,-0.844838640485604,0.592752385845186,-3.11256566194882,0.00468447278999815,-0.151880456002666,-0.952187566400671,-0.306701961432164
692,-0.29996126564402,-0.296184600516222,-0.4515741424304,-0.504111358284077,-0.282784963321331,-0.25025142011313,-1.05458171698993,-0.296568335216159,-1.2134959236842,0.399014394313209,-1.35921597451138,0.78218832292776,-0.436616717606753,-1.40426304635597,-2.02235962421232,0.107840346207938,-0.668672924596811,-1.35266565359935,-0.97075431230725
695,-0.300323236322547,-0.524434519805074,-0.843900000605904,-1.051820255553,-1.33479109951282,-0.241789417576046,-0.397572781882981,0.160372778078012,-0.747141310016301,-1.18908037899848,-0.850369667643577,0.313426326068579,-1.07446511314855,-0.342038310202032,0.936804298820434,0.251325796485683,-0.0208007806816251,-0.0298966074750743,0.11518675122685
696,-1.08878531683496,-0.324703137030022,0.0258923404401196,-0.341434067566166,-0.203871745080071,-0.482967653821175,-0.898431610993222,-1.55002472415836,0.283112762702485,-0.538766644832332,0.391398760311853,-0.0261766785551899,-0.912467565029955,0.189954013807177,-1.39264305565835,-0.203072583718178,-0.556433999759156,-0.439742991504873,-0.343698474746694
703,-0.839663487242951,-0.642319470256622,-0.685772847965195,-0.720052423801476,-0.675225565953363,-0.580411646253255,-0.306009113806618,-0.481029840193744,-0.0061688313895369,-0.501143010812982,0.280999883654896,-0.144160971914053,-0.331607752342967,0.206325537994299,-1.76041496355329,-0.148385751031368,-0.125225357280372,-0.212430594594348,-1.35701871285834
708,0.655863494572189,0.502209661844175,-0.0987335016914264,0.405526843875256,0.305724322005207,0.289747354956292,0.839041330476035,-0.792648448637382,-0.164993650808766,0.888997633163196,-0.801338086879601,-1.66465964979985,0.555370158779761,-0.486115704147316,-0.280711128150132,0.381424729206739,0.741415301771258,0.380956391143679,1.63941589741256
710,1.24829792169652,0.499170017977279,0.272616379387189,0.00542735114238407,0.200688684800916,-0.0449361587885155,0.227040344576539,0.753480424488577,-1.65790355362003,0.296871835650122,0.333032453447294,-0.418096020709743,0.10440699049514,-0.951241704824515,-0.0796327855917045,-0.123857331008199,-0.135619240909729,1.10485422458648,0.541107078409885
714,-1.5109764560715,-0.706865198181118,-0.888556220135539,-0.613708546329225,-0.592446527174871,-0.112464970522878,-0.614077351048373,-1.72148373798668,-1.26293274444913,0.0317311952285731,-0.861078403998434,-0.900833097510829,-0.470210732966532,-0.396800760656851,-0.651988651738004,-0.420094591366041,-0.483731169043013,-0.512200117445064,-0.961904077966339
715,-0.0636729372570248,0.254910819951029,-0.0253451897506205,-0.380105022651044,0.322397702226791,-0.000965789506895268,-0.472878469625327,-1.67720256486843,-0.97085650566424,-0.283155475162583,-0.417651189741595,-0.554015328707323,-0.611926363617667,-1.19995659407651,1.19002461081794,-0.0765356938477263,0.701997876931239,1.17437485558503,1.36192059878749
717,-0.602493892333642,-0.424680684456774,-0.517260590864732,-0.996179801119259,0.0483663179579828,-0.312437847087172,-0.556538043506881,-2.93548262658936,-0.963476144523898,-0.782040561663138,-0.864465716092092,-0.0968286210552992,-0.751797881776862,-1.10866561326763,-1.30556863147451,-1.15052987234371,-0.430085938438015,0.17453014594609,0.365072727724852
719,0.748872084796739,-0.178155560201948,-0.313543747287465,0.0387048837352998,0.341806815413691,-0.230670200982908,-0.0858561961362275,0.21039567311434,-0.997307696397013,-0.0447012681896539,-0.637281592185965,-0.453914303120312,0.304738520295597,-0.759815496112504,-0.664290310582735,-0.178724910393063,0.0562627971160913,0.100029574595478,0.0114745142946972
720,-0.288268077874169,-0.428268878289615,-0.503221631403618,-0.358746937078583,-0.593489427779855,-0.230508270116218,-0.0822496425692275,-0.978711260543267,-1.43334138847,-0.427906892110184,-0.818873402224091,-1.26591297308006,-0.289227451566903,-0.745095438236775,-0.8886613705708,-0.58874272653699,-0.750267726263934,-1.34821252699472,-0.774193754911111
722,0.33953447224268,0.319955441066336,0.678533181880157,-0.0577495740064559,0.410340172261058,0.428090710003491,-0.514759123576785,-0.459823901015777,1.62509902687247,0.397700069187352,0.813658718988325,1.27807612037114,0.383593322441298,1.56717691850869,-0.393748792651758,0.977996805889466,0.0525270390721783,-0.447886183745893,-0.234365381364306
723,-0.992449574377761,-0.851504760934697,-1.51698113251772,-1.41198909814838,-1.17947555128062,-0.741463844145253,-0.0538241044891868,-1.10030916566758,-1.19170358276548,-0.680106597226448,-1.57097744126085,-0.658975148430883,-0.0622747781241976,-0.947705556144016,0.10955031858524,-0.830634775516325,-0.215849257053761,-0.257389919505123,-0.34967392298206
725,-1.14429235621363,-0.0566134306197197,-0.369905934011005,0.37629355391952,0.191562057665366,-0.137482798997941,-2.04991578441376,-1.12735835280558,-1.95781837090446,-0.698507760006885,-0.457832700464481,-2.03174873031855,-1.26899075460099,-1.4421293362437,0.141046781153164,-0.511086481703557,-0.361461496708934,0.0341868872051169,-0.0018264285895847
727,0.22875636400672,-0.0595992782135097,-0.53942634024717,-0.59826607972899,0.0929144272249117,-0.255277299570246,-1.46092873462644,-1.64038770936659,-0.101095199285397,-0.984872443209209,-0.532099943717428,0.706987582418276,-0.628358705489662,-0.943495085538215,-1.08719712876519,-0.195472181637809,-0.133756564223593,0.00940260019720953,-0.465604080498616
728,0.688493700729646,0.314953219831372,0.200036353369998,-0.12906877875954,-0.138991285490443,0.0125870170056808,-0.381291973270066,-0.157736828164583,-1.04776033562345,0.171347948394119,0.00945851926942842,-2.4239922487544,-0.442417596266751,-1.01689493403273,1.03416614738321,-0.562244426027706,0.160060908616974,-0.0842099444252277,0.16875773166301
738,0.27568290743194,-0.617528813065282,-0.687232223846616,-0.951243391333466,-0.394931866705306,0.00291356527105716,0.483445231350291,0.968333994881576,-0.270825182261445,-0.760797369194727,-1.04780821104508,-0.681082760655642,-0.858027316954842,-1.2321107048053,0.141985507861524,-1.11962971848539,-0.0920724431584379,-0.0679870596088973,0.283580951093698
740,0.634117415547834,0.0610136071277408,-0.427437824071673,0.04264384182611,0.0388653101347613,-0.511869818169067,-1.85281795644571,-1.30370087509658,-1.20467579538287,-1.22367663302065,-0.770922077396547,0.0794031057574217,-1.01473138800801,-0.929161823086601,-1.68190347265935,-0.206416480158427,0.250649115998959,-0.897863614734709,-0.453369652170535
741,-0.858483754167478,-0.290728921714889,-0.425486679070195,-0.643577494845864,-0.62614983745453,-0.593018361386695,-1.02036769912041,-0.500358687069382,-1.33470952608191,-0.0138949624538706,-0.573761303278453,0.255688360108966,-0.457602576918772,-1.31843849813931,-1.42331070601471,-0.639923894293377,-0.127649975617751,-0.33666727788693,0.161008989789563
749,0.444290487267317,0.477806479522567,0.0515249862051129,0.420099219830771,0.302199548305998,-0.136920765867027,-0.342527930062576,0.44798997927862,0.206970360414125,-0.247688013007702,-0.345657608728975,0.808439669836863,0.183801963892005,0.429415102997617,-1.44550383642255,0.430757175702364,0.301176034766075,0.363148715306019,0.0793200953485937
758,-0.10901178578241,-0.132878403644644,0.133331671633005,0.202882832567457,0.0608199849678945,-0.325402141191937,-0.219830559578608,0.233574284001456,0.886826411513335,-0.0285974515553713,1.20984865729972,-0.973875156681571,-0.0253962071827187,0.713342851973456,-1.22734768228836,0.728278458878947,0.0529766095764768,-0.579750372273181,0.00870630983560955
762,0.0832829538796462,0.3912477804915,-0.259262178599365,-0.387180565234919,-0.394035817049818,-0.457617027004103,0.0304993288848545,0.283202725945564,0.224227463173,0.478026888448048,-0.414359393117376,-1.040740078395,-0.407680211562994,-0.256447620690418,-1.98174237782686,0.435954783498807,0.69399539873619,-0.193211091647956,0.787337286149577
763,-0.851546202112852,0.0152228169914995,0.224006250804746,-0.283330548579029,-0.144649544770836,0.045697441697583,0.12658354564822,-2.9309865474192,-1.58339956753363,0.334866171881578,-0.461499281693223,-0.0797593249396224,-0.0705695475292735,-0.872357104449273,0.799605943442549,0.320328342305597,0.048130962178569,-1.718530390671,0.68675313467129
766,0.863237604180171,-0.188372356998229,0.290283174307758,0.0896307357414601,-0.0799951530959712,-0.1913485220043,-0.00296176017110389,-0.0948912060290605,-0.121081927592909,0.204628748465806,-0.0108159007782088,-0.491232490107014,0.146822718069422,0.609297206995996,-0.836152658914227,0.316205984085819,0.00988034795244135,0.32142995588241,-0.980699916103931
783,0.503440396296145,0.154375899746156,0.283739334018113,-0.238696744314888,0.144841773838665,0.506300952840969,-0.517043027945013,-2.3132579832287,0.919759538105105,-0.00182463324743603,-0.577722198809365,-1.6045879107765,0.727673909970542,0.29483505458203,1.78720946162852,0.491681717038852,0.272369047376783,0.22083941754937,-0.466957180517296
785,0.159831881007297,0.0286537990967745,-0.250487253046642,-0.42026337948167,-0.318051885113,0.418873170621922,-0.403661680292892,1.21554725720749,-0.448746055033261,0.486887064284459,-0.42314761107426,-0.365979469934841,-0.0555458912213486,-0.566051887197335,0.93003727688467,-0.472113955217712,-0.0246445565158583,0.0559167508386897,-0.174967927843648
787,-0.110263788942631,0.27003968631293,0.0817912708147431,0.475658124111312,0.54640556714414,0.333756813982169,-0.248988263264414,-0.929948376230378,-1.15011128043228,0.30794922383625,0.0303207556469427,-1.03259269472129,0.704690982265456,-0.81215411172948,0.108677985203463,-0.290328286474974,0.237870128816465,0.835136149897101,-0.227663426859339
790,-0.770031853947245,-0.290445812132975,-0.882928146668087,-0.285902876035935,-0.474899069208658,-0.478416725771857,-0.753313289301206,-1.49442461146401,-1.0286376050877,-0.704873771290638,-0.708032449181519,0.959575901334874,-0.508569289163527,-0.733771880495016,0.199060113625401,-0.740694685465059,-0.356449812786054,-1.27915101920633,-1.3176985019666
795,0.047375457558823,-0.135395889248502,-0.594909806562633,-0.702686680787257,-0.314485007113427,0.19325586522212,0.824448158419515,-0.987973154033053,0.354929583972498,-0.0934623099079939,-0.674033910149286,-0.549378824599718,-0.185505685772733,-0.450280733441513,0.510645980340783,0.067650704587971,0.0614952331821321,-0.8950514474925,-0.245039548201101
797,-0.202494054867895,-0.456676938284283,-1.53781134302861,-0.749222025914016,-0.67086358251849,-0.33424499191329,0.322652039819001,0.465366378010975,-1.56399870957237,0.437848512683126,-1.5793744760339,-0.576120412674901,-0.302403519265436,-1.65230614551116,-1.40569257689668,-1.48846758046024,-0.860715417783728,-0.684976339508047,0.194296265397425
798,-0.136491025698475,-0.0228512757087901,-0.446704345670134,-0.755221996253518,-0.601721547428795,-0.556780261553276,-0.705918761997903,-0.67031742176636,-0.290921418841759,-0.337253009785986,-0.880056982597233,0.191918305950093,-0.256070804065222,-0.121989485925012,-1.72796675045141,0.369433121827363,-0.265108549063813,-0.211295584625234,-0.114879881145756
802,0.79576217139937,0.441520827731369,0.523929364862262,0.399191852072479,-0.422991895353618,0.376255208249971,0.597236591622136,0.417621107440534,1.01251673072681,0.0218856795748675,-0.0954943986975762,0.0481788579766736,0.188970514293359,0.489817020438728,0.164418033025876,0.304133513294451,-0.211084895901087,-0.14331919523572,-0.177244598660102
804,-1.10371221525829,-0.214594123039114,-0.868791413705748,-0.031244030822082,0.0587223622582937,0.0117404115008562,-0.419155209057663,-2.32306135593778,-0.899376671215434,-0.303670912271636,0.623313782573515,-0.00154454235090738,0.383629791566272,-0.294478458763334,-1.43427650785506,-0.155332694383615,-0.669051409716992,-0.248000302285051,-1.38652687456248
805,-0.65727813490346,0.37541886593214,-0.599536857712843,-0.141524947234529,-0.290291353064072,0.284646872099182,1.65334039835149,-0.469753369450561,-1.23747758338403,0.794951939068779,-0.689585678267953,0.0750407942506689,0.769606682162127,-0.65143007065464,-1.19985435898328,-0.867041713841596,-0.512758467729881,-0.0921126325172408,-0.126925501510525
808,0.396304891305329,0.67397193918962,-0.679228963730651,-0.621477432364989,-0.82253418061455,0.226684902429348,-0.0388417838144804,1.2439457480887,-1.82004355555788,0.0946551196155662,-1.15640813833768,0.18019374203144,-0.0374069428129486,-1.71772117969017,-0.953521378764132,-1.25880226059865,0.0812521145630831,-1.05610623485539,-0.200393509990163
809,-0.295823424846228,-0.0149458271261292,-0.0436779332785407,0.346100866664933,-0.0895820837987708,0.322480535171008,0.915164376775924,-0.171004354113219,0.574298179299828,-0.07124321737966,0.792336368115999,-0.528633862249646,-0.360669718873827,0.334634515331591,-1.1958378242736,0.549718945534335,-0.061576169395998,-1.24538996660904,-0.41459781425125
815,-1.10660713821624,0.12469037733122,0.133183537496135,0.2590749353757,-0.188667969544799,0.724369540726798,-0.248050717610348,-3.01485237352707,1.05533405720204,-0.577424947220999,1.22722592169266,-0.473270744317747,-0.0781375640467468,1.25777249321814,0.26499813036959,0.244295459127539,-0.412518532623326,-0.822498676395791,-0.341991955715577
817,-0.345803408738365,-0.321963790228388,-0.976424462485634,-0.61601173028462,-0.0969989182963211,0.161401933298131,0.0118041722432761,0.359172457759736,-0.385582355002761,0.156747976336542,0.0285593202558456,0.620329491086289,0.0413906685513786,-0.880157435392819,-0.198906455574017,-0.98155157086085,-0.234355172450986,-0.206804220274819,-0.045822274218042
820,0.358663467935058,-0.135130784057382,0.476095667744095,0.55831305954469,-0.104182213632678,-0.0255373465752979,0.655695389767877,-1.89013399789677,-0.149160563195016,0.0791403839785101,0.388473659057599,-0.818369269654788,-0.301470294354417,0.17109506289702,-1.12644991321062,-0.164816314557494,-0.699496241243384,-0.460155689059136,-0.902029016362402
823,-0.993191127243268,0.0469268807808978,0.0530536239153539,-0.0928102922350824,-0.169166266912055,-0.145556231297728,-0.989326740174559,-2.04178441264109,-1.1908461048728,-0.324116823036709,-0.317052158861931,-1.35302064919156,-0.382060988994678,-1.0498121407016,-1.07709898785688,-0.148400516360529,-0.211344939290522,0.57874423196533,0.810649777262467
824,0.744276396555227,0.7840239064182,-0.433418920026973,0.642096058461406,0.178744005296239,1.19633004407526,1.77963569395751,0.481557222007051,0.240464522423758,0.770314953058177,0.0899476715737303,-0.188476757269811,1.39187761820742,-0.0384350309261991,0.956122717465771,0.123250349988034,-0.422655565073371,-0.131927792664481,-0.0241960144064801
825,-0.782431542447893,0.638108339037724,0.114039652588811,0.270456111286557,0.82912534568279,-0.142516731043481,-0.237109192872684,-1.10664959942418,-0.662623985117326,-0.140319971831352,-0.223369780692097,0.612843315051045,0.130035427981147,-0.818259958872632,0.438273907687257,-0.634271017923222,0.306338430868044,0.795995502217565,1.84770393162967
826,-0.953779356891636,-0.791038730210794,-0.724536616776934,-0.27331519430568,0.0128456289746929,-0.0649056314538346,-0.350932591522791,-0.939465772810412,-0.668992903644877,-0.0746802249076504,0.0288667845597533,-0.195325570314745,0.288964792692387,-0.524157566406754,-1.29291187195884,-0.232064861038821,-0.204699648484919,-0.899066592750204,-0.626069320729116
827,-0.392942777519138,0.144951145677642,-0.0299322616347522,0.0246863121547543,0.341807431924909,-0.13198213205883,-1.16894939394332,-1.50499524401698,-1.11723325592844,-0.358306243859442,-0.925893396727197,-1.05730438872869,-0.745975645453613,-0.562470490761651,-0.790052748887248,0.416553418139364,-0.0118101279168321,0.803113136530415,-0.236639002223021
828,0.46107811673165,0.12356678376633,1.07641741964634,0.853578562731272,-0.309404799798202,-0.136249370492282,-0.578281468287626,-0.987908188094776,0.368571498701662,0.0477986457314032,0.545860146491948,-1.43547568672756,-0.149072337761348,-0.120294262221016,-0.508027634657279,0.19759676006087,0.243876062815718,-1.43173858659264,-0.994791989942785
829,-1.65053718409616,-0.385926313572179,-0.736440384556782,-0.600353301031346,-1.07338182928729,-0.405661364294622,-0.629785675926365,-2.02445537665731,-0.736626259238905,-0.477895512089053,-1.18008289426658,0.152133321520913,-0.282465390663443,-0.566074136899011,-0.89147394373323,0.180518740973726,0.167812208186374,-0.0984572796068453,-0.570154682170951
833,0.424414603424921,0.431666735896916,-0.642674778584838,-0.254739935762077,0.587302712066679,0.583235823056074,0.450993491124879,-0.692700359662826,-0.660649753732142,0.0381065848543044,-1.08282747842812,0.164197751135143,0.227641434328053,-1.02262777238902,1.32205459067719,-1.11937008318078,0.166165476089693,0.411355164883087,0.861929634099666
834,-1.40486877705972,-0.236935897902115,-1.24885864768113,-0.962549122711049,-0.673587895004708,-0.616489071438205,-0.990067657959689,-3.06105394332705,-0.0252121598874554,-0.109812221293683,-0.722290599877282,0.00206426864104561,0.0799924746293512,0.00101007085913216,-1.50612468424452,-0.474357447289967,-0.0263658512467838,0.843011386914317,-0.561389802927493
838,-0.492585005337724,0.0383225836065419,0.121216253366644,0.0710293061691726,-0.2265356274636,0.601607094726959,0.853601041719191,-0.31730163594368,0.324781164892121,0.658500816376676,0.123709908312008,-0.128138739733101,0.712559101059736,0.441025747592455,0.374883076513659,-0.302300979266591,0.606984352536694,0.115215461356178,1.88281898562923
839,0.379502149155798,0.9269888610595,1.14086294036166,1.08354146790818,1.18037701711788,0.704016988753048,-0.0744662973970006,-0.139341466401873,0.934895333116035,0.423740592049887,2.2715715230632,0.53859978140991,0.985235513075717,1.36742581003686,0.256857986683996,1.43600412064231,1.05287109966256,0.00845528156181607,-0.274161415324386
841,-0.202173283970942,-0.528345554873301,-0.401858588884725,-0.707513542712775,-0.375385681877711,-0.164748994647422,0.252091390767688,-1.88981745628571,0.326016897751056,-0.172307430404132,-0.255642175553596,0.661874906666693,0.107814897466247,-0.0492089852537876,-1.48223613312209,0.106800635092601,-0.0413656018158036,0.394609472956597,-0.39408300477889
843,-1.27588737011922,-1.06276468338565,-1.45740665217957,-1.12772975472025,-0.751633307717331,-0.758984628571517,-2.41617685419729,0.136259764000048,-2.21187569632422,-0.468676701090885,-1.37749786986973,-0.405450408169491,-0.646731708566745,-1.14965960836491,-1.9744389256156,-1.16854756926584,-0.447968420805618,-0.499852404112544,-1.66153341777508
845,-0.208525488028651,-0.27566419271911,0.0331320282302509,-0.0771704301021736,0.170809007488364,0.0381528639512723,-0.802275066569081,-0.996982364740452,-1.18737982497805,-0.0397923798563284,-0.50704560655427,0.963360383141633,0.210679979596643,-0.98681205439408,-1.86633079383156,0.090961582547165,-0.0973865608413569,0.219537536559499,-0.567536477014556
847,-0.635978157840502,-0.537010115819355,-0.137418432075667,-0.0161239833465483,-0.0962662214816424,-1.3742231136071,-0.545848085873215,-0.0918234220963822,-1.33664329484751,-1.80284331964541,-0.523109777488331,0.0309171319146455,-1.35997761217118,-0.735479237790016,0.0737520206321761,-1.05812078037411,-1.09421422519202,-0.379552255641192,-1.33294497170949
849,0.0183116133209866,-0.496643992314168,-0.646133362333863,-0.331764680046426,-0.538618941029213,0.140518628087238,-0.445024624931669,-1.32955138659354,-0.146154302220257,-0.425166638915904,-0.0174409462490985,-0.542673245229218,-0.283028898052708,0.132512825463233,-1.1789411731313,-0.0978960368409714,0.4516884650058,-0.398770745997714,-0.0724162068061406
850,-0.00183217593152668,-0.362719757500903,0.456716821656165,0.325190175151754,0.35095744009368,-0.413473689610348,-0.803517913948964,-0.145433146011164,-0.281619065388389,-1.52379185998589,0.385935416904088,-0.891494143615072,-0.7723620729687,0.22805561035831,-1.66013943961468,0.51578136845241,-0.438861369098498,-0.582354188799813,-1.0720651065231
851,0.130268473795483,0.227702455575699,-0.291157376822261,0.234100474175641,-0.166635958430489,-0.114006806368449,-0.199482438401405,-0.0195229043634961,0.0813141270412608,0.572927384579348,0.143629052021188,-0.903831778982217,0.171309274260273,-0.254630754108366,-2.03063928611523,-0.0135749723225069,0.254465525854859,-0.942081847843296,0.247385632961854
857,0.106691027630739,0.417131847458348,0.470067219371288,0.712501114912266,1.05453657589482,0.574870383358947,0.353410663618696,-1.45599469664703,0.163484489696001,0.652351866163612,0.788857449324629,0.696653070523756,1.10427420127845,0.275514431989024,0.016433307159402,0.608677932148948,0.194108266392043,0.489537144661212,-0.0323585729378174
858,0.129333337011707,-0.288888247663886,0.283467436885459,0.493728654586888,0.0909948458281509,-0.00956730998707484,0.472688805884558,-1.23604033559495,0.352474835899412,-0.345988622090464,0.689301230365918,-0.538122974220885,-0.394773633537026,0.273917846417672,-0.39752157068863,0.77665628221283,-0.45408917746509,-0.00532207926041206,-1.41932023172225
861,-1.63687917867731,-0.827134219560728,-0.217089277101162,-0.232554473194295,-0.736668198241978,0.0459523456369492,0.923302703803188,-3.09597235363196,-0.560642529698605,-0.032578526526829,0.0865295807273329,-0.833827927150762,-0.229601093305418,-0.627435261182592,0.770957191465459,-0.62121282721783,-0.599236249873178,-1.24393945047125,-1.5671817748624
862,-0.73107185777853,0.335924490146318,-0.563480540812622,0.0566704161817818,-0.106904085867803,0.706801358950192,0.401005179864528,-1.04818950439233,-1.36324672824278,0.536141883233713,-0.755880956388575,0.660440291680943,-0.0372894812756632,-0.689930387955646,2.78938139078459,-0.316745006766305,0.00475960734806744,-0.356432738245879,0.236201791983317
863,-0.409252921182003,0.0818713307161947,-1.12228263137381,-0.885018612739418,-0.866128293776218,-0.229239656721178,-1.14415808249112,0.063300830048577,-1.66110004912458,-0.256806127513816,-0.75362659992486,-1.12010186093881,-0.67175598530196,-1.01540885721047,-1.01538175979694,-0.653356395957465,-0.357806520357267,-0.785868194179222,-0.387226844222929
865,-1.27377598492744,-0.342051942304145,-0.201297848634907,-0.286446765424504,-0.306446245231739,-0.56549453556991,-0.115434074013183,-2.91432427315186,-0.706477964836183,0.246838469390055,-0.425695969383432,-0.470962105264669,-0.0021075111254736,0.0207136922157563,-1.73946234006618,-0.468400721766156,-0.161658903652473,-1.5095851500656,-0.308935561569804
866,-0.691276106215794,-0.643672649415117,-0.597180738044617,-0.63819160477421,0.484191601720807,-0.481538286699571,-0.483437250107274,-1.13923081998408,-1.24827630109954,-0.846071337278872,-0.88255959443515,-0.66047295099195,-0.635035370190927,-0.737075781868118,-1.42366670909709,-0.461638146081469,-0.373311417887151,-0.364337912586644,-0.188516680234923
871,0.40444745628604,0.86412064494605,1.07041497044665,1.00490620800857,1.27343268094129,0.323329412708394,0.364677984042796,1.03332659559025,0.70770281659109,0.922932825825682,0.930682140595117,-1.99107172146968,0.500969072414076,0.379153409027958,-0.297479252481247,0.637090717722969,0.392355562660522,0.331983650429586,0.858539069318257
872,0.509070505644932,0.248134279627603,0.171894620460593,-0.11243668839703,-0.312101726297276,-0.0127283899324805,0.269606237773979,-0.740158386860452,0.753963708322017,0.237991790241952,0.248540686323132,0.989576230216805,-0.173064571933484,0.560891739943385,-1.05716689555049,0.263277917610894,-0.0894158495616821,-1.50717901137314,-0.568801902585038
873,0.0873534845446482,-0.225572476197687,0.387500055649289,-0.0728050054527648,-0.356011470620278,0.544443374813514,1.21328437632929,0.113038739138731,0.308741338798595,-0.0762231978995117,-0.356529294186259,-1.67843708726422,-0.238722495658477,-0.0620971190998155,0.599259797036424,-0.0139104867248411,-0.47485685795004,-1.02914083569868,-0.11080488355438
876,0.944622363969663,0.553428422162222,0.554878749102001,0.756777821641812,0.649739063111242,0.827890492041662,0.0136208028200257,2.72909293745285,0.922022307821266,1.11161508955271,0.840255035375049,-0.474050537977601,1.20293804608338,1.19865447624299,-0.676736803268689,0.739205575896363,0.467726445642967,1.2840942469166,0.148540002040468
878,0.19218511357421,0.27890272275406,-0.121772472354882,0.0203743305401561,0.26299032681577,0.210314309606119,0.772898328558369,-0.293400854632488,-1.44891629160908,0.226389235023774,-1.23274867683147,0.364966516993039,-0.0349038140463572,-0.893037243244559,-0.789784366568489,-0.364531750512376,-0.0555265550051001,-0.439729602987012,-0.846083178792386
880,0.797064403857493,0.715593903021536,0.423027936083138,1.08707437654167,0.816952153655825,0.778733075556948,0.38776401641517,-0.498391423099121,-0.754819424322871,-0.101288932110842,-0.0813479638332236,-0.754412674300185,0.579729604570368,-0.557046916781008,-0.710411693041345,-0.413637563132012,0.1265779430905,0.410010706968147,0.0419008030853237
883,-0.807514063082213,-0.532229446570392,-0.402708484002009,-0.214096981088126,-0.304637411670689,-0.129735047470403,-0.575324082220395,-1.09952135514806,0.851538080171901,-0.312177836636091,-0.159804154129115,0.0987386063863086,-0.466078754913188,0.569168747955452,-1.04154894505732,-0.112998304172253,-0.442237712661754,-0.80683667898706,-1.08449985469827
884,0.60973534923781,-0.0636368047670883,-0.114168530324364,0.00628336153858135,-0.445604116010798,-0.549755170399483,-0.629132119862931,-0.0689451697690692,0.529742942105254,-0.858642404156526,-0.105635664367594,-1.14197290128169,-0.270911330872246,0.0812799423442904,-1.01512766548784,-0.197506042894746,-0.649051818146183,-2.17006566894201,-0.307604963095545
885,0.0726455399379156,0.341978767048041,0.635580719321412,0.604764986277053,0.423553315235845,0.920886925239059,-0.326190791497002,0.430891129864086,1.2342992829688,0.323713722085825,0.0793364334475724,-1.01262313410287,0.484953703422031,0.772867993365146,-0.0473974751411541,0.150184452663716,-0.206305319864837,-0.817746773197585,-1.02349339939761
890,-0.654911100899946,-0.772850007037894,-0.535402277365597,-0.618184873600852,-0.786592523343903,-0.395048173769742,-0.0057995586199135,-2.28471287200133,-0.684427205210825,-0.750517600086257,-1.0496140311423,-0.555629909817484,-0.439698921774959,-1.03045223518145,-1.43386452918977,-0.444082703488766,-0.726356438462022,-0.599948611642963,-1.57504800902821
894,-0.710804543208302,-0.0679655426743677,-0.301461706850199,-0.352578054944742,0.487963403709218,0.134365163485668,-0.147658373631933,-1.713290833603,-0.883660054623132,-0.255945445994972,-0.462830885619281,-1.28564345962679,0.682295443124723,-0.49634531543016,0.187218242437976,-0.0651730994431644,0.138282273106536,-0.637822848870337,1.54851885022565
895,0.256757018105472,0.129706211201432,-0.271240542575034,-0.102616950718433,0.318765489008656,0.101818655002781,1.04441563600842,-0.0341544314066593,-1.61927320901779,-0.387172319678027,-0.849550119205762,-0.528470066666956,0.662376567465262,-1.247782602849,-0.323258478429167,-0.705043478095716,0.211254236912024,-0.261177573697368,0.345208159847003
897,-0.318484799824236,0.0964364006970231,0.189875591970405,-0.0352342808637619,-0.103332734199704,-0.141825167563631,-1.10516208970399,-2.59896342347043,-0.705802450332623,-0.441716120175716,-0.414468327265135,-0.140482229942093,-0.0526939296701658,-0.352320468070235,-2.34016913116853,-0.577800401638145,-0.603434466126333,-0.122355259270739,-0.722517586318965
898,0.209204382432879,-0.217135452618439,1.00376023276204,0.860492333574192,0.771540137435085,-0.0682837438754186,0.334302557646694,-0.0801680623664236,1.66998124720379,0.230590921696002,0.694253692310515,-0.42259797308644,-0.030386557393111,1.6456574776886,-1.73173742496146,1.22050895757361,0.330852652677151,-0.474228012499284,-0.0645055044264529
899,-1.05092006055721,-0.80797284319069,-0.676136708306761,-1.17468402990109,-1.75234666076666,-0.955872833463875,-0.123304543760456,-0.894374458883912,-1.33672475252644,-0.806984017899482,-1.19619578562705,-0.927642732746046,-1.40371822728697,-1.06992440227511,-0.171330403918776,-0.680123780706541,-0.215361149380323,-0.481485774590153,-1.04019824435778
901,-1.25492631051294,-1.09030477451789,0.329082177502731,-0.789426210617339,-0.903060413746806,-1.22083061758986,-1.69998218868103,-1.26399817817405,0.583805950474079,-1.33887946009619,0.0236660625965407,0.292609904776737,-1.39133121714186,0.482481159740666,-2.14887182541036,0.528822724737233,-0.0147315574529764,-0.619072836056027,-1.26133717283848
903,0.759561159338926,0.457288444272603,0.444473905323159,0.546517487280631,0.332538828381976,0.208281174940795,0.112179403524028,-0.756058449345656,1.22901391421936,0.15448241797117,1.07296934384365,0.506007773577367,0.213344793985615,0.992491866826924,-0.504480914455208,0.0102447200058474,0.140508513641467,-0.475908788776174,0.785744041102465
908,0.0266669920519961,-0.0511429277353471,-0.285960723219104,0.595388760848651,0.731130732084486,0.011601733767776,-0.791043191488375,-0.0226576361509938,-0.908917390913196,0.082075422627077,0.286629152546951,1.01912219814953,-0.184259311524443,-0.267280221250715,0.395991313348308,-0.584412231219795,-0.506827107607533,-0.213161762916453,-0.0692139552367394
909,0.0857530983754929,0.311368124403517,-0.380593225563801,-0.110029667104405,-0.116265631276204,-0.239994168106608,-0.131869780542145,-0.660471749837745,-0.315322812967514,-0.93801558160785,-1.06064391312065,-1.51399147102703,-0.484623592762135,-0.230145810864593,1.09241254228138,-0.46580017480003,0.570032139329879,0.76657636073435,-0.160849507624145
912,-0.139569787365861,-0.942134820477171,-0.0774628687629075,-0.382002644499329,-0.212456142197839,-0.795385127885203,-2.06552283976617,-0.646155832890044,-0.618483144586526,-1.12463675648145,-0.341500703726892,-0.448715269341106,-0.985294330899206,-0.608484986564969,-0.379260980813048,0.371865492989938,-0.486869751313415,0.214716839458292,-1.22933574665186
916,1.03548332612953,0.635405250365312,-0.11970566780836,-0.181861654757316,0.323070142764404,-0.19358442224143,-0.108225510520854,0.892809808609543,0.547292967952946,-0.011954928332872,0.008244810836375,-0.781695312848575,0.0390566290978651,0.126937637382606,-0.351130087020907,0.260029284679858,0.438475602432033,1.03737374550779,1.08852181985881
921,-0.22795279008793,-0.125715286611734,-0.397120196513088,-0.0570422736239668,-0.188621709409172,0.240161523969086,0.197166950241585,-0.773244317161391,0.0259999490681111,0.0484436036252519,-0.861814776131457,-1.15137590681222,-0.158074128871103,0.53035605228191,-0.190228189609021,0.305300230376008,-0.60627531884147,0.157293675875413,-0.945293515342609
924,-1.00213538004679,-0.256105081166858,-0.103147061752415,-0.483203396782413,-0.75869941864399,-0.163054878432091,-0.716920784319484,-1.19670738556151,1.22848691001173,-0.375954649906784,0.261672587911318,-1.6881861976425,-0.750663088247245,0.690212870279693,-0.848479531650306,-0.201401277276447,-1.02444589292863,-0.424907175357132,-1.33835760340978
925,-1.26724140266655,-0.431544733105221,-0.387233136830854,-0.613273356074484,-1.0155955827106,-0.427487497955932,-1.71686405368448,-3.48151587060115,-0.866671457992648,-1.24885559580207,-0.457073168401398,0.461485875982054,-0.899597406551476,-0.910340985589059,-2.30428481841905,-0.263591545899114,-0.162819978172399,0.0221724131156228,-1.77359556455231
931,-0.538454725490297,0.187038354678218,0.346174088601707,0.131748771194235,0.421925883312309,-0.263418005886154,-0.556149113529084,-0.847420874980167,-0.605278436227663,-0.225624140984313,1.03017921440602,-1.17264450965281,0.100946212045315,-0.339491108553535,-1.08431809003946,0.369689183638913,-0.677381199284939,-0.509606243798625,-0.0206227650074341
932,-0.923523422364914,-0.611903116158596,-1.14821196627716,-1.16108172019935,-0.737725762415005,-0.879544611697563,-1.36272825408888,0.364504539174422,-0.77529288595629,-1.4170237916023,-1.36594725534449,-1.06563692269701,-0.696099173888911,-1.0006549099648,-3.78992932752104,-1.1167488018212,-1.18650875291945,-0.910819820417998,-0.883175217337908
935,0.492702249605306,0.868797137371152,0.764506409649625,1.58799122160367,1.00405916996517,0.319215006673413,-0.566296261004463,-0.991604963376081,0.671191055843619,0.32616567395481,0.609860864968353,-1.49148406217714,0.559371945655779,0.75951821608454,-0.299898080366587,0.206853047167912,0.360444002897404,1.7142035245818,-0.101942949551072
938,0.0746420502414258,-0.34395009183134,-0.0493571980971135,-0.205140933081838,-0.25576923062921,-0.435889913523164,0.0592134267423583,-1.71232992380256,-0.453453654058681,-0.313720663891717,-0.890940214197267,0.314421183168183,-0.49236165373126,-0.977771372188805,-1.91487967234505,-0.112471047137021,-0.088026319786072,1.03913869411018,-0.333745583586127
941,1.59393725235528,0.758555800671268,0.288566097074687,0.475472015586762,1.87410891204723,0.782248146341144,0.989723024634048,1.61520813321763,0.0595857400217297,1.52825740368139,0.00203356743145274,0.74944906661828,2.180234972116,-0.211975993929221,-0.643584789339313,-0.0769333342811292,0.148577265944697,1.07400474320379,-0.979112786299437
942,0.0197623914362242,0.125243287136801,0.0529475489049737,-0.0950196761235795,-0.272726946220771,0.448146103005367,-0.0388045724537738,0.287981299414978,-0.0427369190669432,0.509192446723789,0.481605240944009,-0.876198866154388,0.49400328425195,-0.534108357366869,1.2590260251066,-0.30814224168991,-0.381364194378757,0.261399225490817,-0.0319249865201376
944,0.700741953634687,0.0234391704883814,0.0950288041259941,0.0096945512808503,-0.206431369936263,-0.0334164568936008,-1.14174326657568,-0.798828482416719,-0.356638570496419,-0.384298425091303,-0.660926105557512,1.76631623041063,-0.208774129038278,-0.434743157110497,-0.816699627554875,-0.282303119331978,-0.773205516196016,-0.482561956389817,-0.455781694721841
947,-0.585517113028475,-0.678279834872613,-1.51795583868333,-0.765217787337494,-0.442301089780995,-0.580072915913773,-0.570357714386515,-1.77283596042284,-1.35833892107673,-0.191854320760684,-1.82805584981587,-1.46355027317679,0.0806877997229224,-0.962372043997089,0.843995312169025,-0.830233920175797,-0.56292632067413,0.428438192919141,-1.03707628612792
952,0.434099564999763,0.91345376603657,0.323092174418923,0.679555927623165,0.473828424259346,0.212880912574583,-0.585719629970494,-0.856993831554592,-0.641463299356413,-0.392001335645431,-0.000273864693486584,-0.198812622327855,-0.576289253276929,-0.0768725654147904,1.44939713512747,0.0643399600772496,0.739448294641853,-0.214581623435454,0.929937096751404
954,1.04122112988605,0.577241703429628,0.380452454164358,-0.139817443669509,-0.714951475424443,0.2322651699235,0.276929387130747,1.35619272280868,0.60441932703003,0.485568252117272,-0.327547922018448,-1.90712106313665,0.319868925023966,0.545442387466703,0.93666342093572,0.55780724087881,0.445548196971291,0.236757282951607,0.473408404787019
955,1.00872074940192,0.14432775987593,0.352572597411276,0.443151906209554,0.712190559001712,0.502375873334028,0.380347508571567,1.12083055925257,0.282769036796885,1.10306730166227,0.141602405743059,-2.05396693438612,0.095737239503381,-0.0587046309824228,-0.924419821505287,-0.324691896327861,-0.534647579146676,-0.531631008232562,0.208381521897828
957,-1.08490953154227,0.0444357354317399,-0.721452623861648,-0.309584909605405,0.134773128040156,-0.149071798604008,-1.20450822517031,-1.02670480551648,0.363292268915966,-0.311136147345436,-0.0487877439424391,-1.93634997006281,-0.123514570423688,0.418730507646798,-0.292886776601328,0.556188147722017,0.41756072103037,1.55259174341625,-0.294710415091006
958,0.114609618462206,-0.457548215571422,-0.661933166856943,-0.190774455780787,-0.381630138474893,-0.275990683306873,-0.746483268344991,0.603262672821604,0.978956237542865,0.524710568153684,-0.199508126491205,-1.83197191185134,-0.274757231969716,-0.0764218493359817,-0.784302250535438,-0.487628151624156,-0.484627783407941,-0.370198948561219,-0.722521822831041
960,-0.820226723998067,-0.872056738439372,-0.869033709704084,-0.84129285286965,-0.722769555985324,-0.692725034290218,-1.27085606413014,-1.39359483407549,-0.612799896994439,-1.03220575124102,-0.698938368415741,-2.77278500950269,-0.716095891246553,-0.299306816530919,-1.33468154097069,-1.23441176578451,-0.440531927977165,-0.795363894726895,-0.108784954821955
963,-0.884277032239559,-0.63490621862415,-0.263237545254274,-0.47236505501427,-0.236076775222968,-0.536736842763389,-0.192058885625868,-2.25185700143498,-0.455079570350826,-0.788768174657747,-1.21158776932471,-0.508864632019459,-0.671802030297775,-0.537128655937471,-2.08205248732485,0.288028717003041,0.494212770952441,-0.38028172531617,0.638524881328552
968,-0.128481422474815,-0.371562580393741,0.341624919610217,-0.849158681042713,-0.807159874040148,-0.34060532093969,-1.3044321706039,-0.150645933172476,-0.522916430002739,-0.514939822732335,0.302960269554598,-0.381133971208495,-0.651381610631607,-0.0414811796235338,-2.14858146964419,0.474826659098157,-0.205666746214315,-1.89215808143068,-0.993056722288552
969,-1.49244224024452,-1.30706349641438,-1.15446430871692,-1.48907797936177,-1.77328113237396,-1.14605216477741,-0.815969057590527,-2.74011477583314,-2.54002392786105,-1.45983152990828,-1.14576735806736,-0.55783596282924,-1.06706595270242,-2.82065425636342,-2.778264141817,-1.36988105829341,-0.834581115460817,-1.09815708014026,-0.883822545919165
970,0.76346277735546,-0.199032811554489,-0.112343225579795,-0.346073119782575,-0.16511117839925,-0.606037646914427,-0.776459624702661,-0.0894697551875711,-1.31107956662533,-0.235705302998101,-0.470272080343291,-1.55704337066875,-0.00820048749155863,-0.837012167629681,-1.1673436568889,-0.937190447966858,-0.278240669722145,-0.349975253574635,-0.997874599539883
973,-0.408787239277197,0.12557923212082,-0.0475149228012278,0.332651954420544,-0.363516325360313,0.211241483332896,-0.370179583465334,-1.78775573814106,-0.798954472601896,-1.09769592300074,0.217488883453441,-1.37216204729113,-0.560223110933317,-0.0489716657708552,0.791183201498574,-0.139695163670473,0.318870189475849,-0.54893759789935,-0.56613261398349
974,-0.482950903225636,-0.485301004670328,0.00894910974741057,-0.525439085629484,-0.541130293848422,-0.0680479715549906,-0.203683730653783,0.144316101183277,-0.438218133722465,-0.105153063928922,-0.612345217081086,-0.838424882113782,-0.319479228141292,-0.659492097193942,0.195851456557718,-0.299208336153205,-0.434941358543271,-1.67744365566351,-0.728822325620276
975,-0.373059483801226,0.841961622486575,0.623456790458766,0.217055051842544,0.71130347237967,0.534607835377725,-0.0398327887396118,-0.211801138348916,-0.77532203628146,1.25626172748122,-0.203321157241793,0.376302763007496,0.826737661902949,-0.557885961174064,0.879611710257468,0.626345676000336,0.372391422228827,0.807740564950822,-1.23324789303567
976,-0.0873391110826666,-0.572091862062927,-0.539013730925696,-0.312456768150153,-0.606591629604084,-0.309331160225212,-1.06728922800128,-0.395025145873676,-2.57192881751586,-1.06161165575649,-0.957058074803048,-0.847512703024642,-0.56248604764668,-2.16400560315405,0.348519153441454,-1.03437547881032,0.138962253888559,-0.112304759475054,-0.733090764367885
978,0.557610405556787,0.390890707766004,0.692406035948704,0.630496397907777,0.463850414762944,0.162807061596607,1.12278365004712,-0.428013418992586,-0.462407700383613,0.410956424604861,0.441603088602101,1.03925716411674,0.802155561476342,-0.33651301451213,1.67300150836188,0.588805114172383,0.235348629149215,0.460014305629007,-0.362049447800946
982,-0.284159447982434,-0.356688783782597,0.174640462702179,0.224296657406825,0.894279687864453,-0.419600214807017,-0.637957154930081,-0.153558411788326,-1.10544761723513,-0.512803391434538,-0.61407962216329,0.539817284751947,0.0779033278285214,-1.14260897027998,-1.56015703275004,-0.790130147133585,-0.351549005076362,0.44332140841673,-0.747647795526952
984,-0.420092508539446,0.198722834067561,-0.293380679938529,0.0626691837426878,-0.297295391242439,0.287109691078195,-0.38423581756215,-1.24962665957751,-0.48394559556837,-0.0916815987563264,-0.588203817418996,-0.0920654889454475,-0.0643667814238146,-0.234324850589341,0.898686463810133,-0.459618980527932,0.361163414441569,0.373508482425596,-0.789869762533028
985,0.189659311259018,0.336800365586345,-0.664497142606426,-0.423043544283472,-0.792092830499565,0.496125766271842,0.393765430331366,-0.480205712815405,0.0222739562872681,0.165570830899491,-0.543053392908189,-2.0207585557739,-0.187831187506963,-0.523502566491765,0.341539986139605,-0.772630497144053,0.252827251165175,0.226803820855402,0.0610973632975015
987,-0.0428119071902434,0.100055960647844,-0.575065203783949,-0.447452980256081,-0.805289917853734,-0.215556301165367,-0.453073799016987,-0.264283617300741,0.298439063955123,-0.408442941556132,0.104042158108903,-2.11102874948741,-0.393274324693971,0.189740253961859,0.279952689739544,0.548631225706375,0.260468133965047,-0.65191408501211,1.26867523701136
988,0.272735220768805,0.0397447454794577,0.179268933329631,0.124995907678653,-0.20389096641858,-0.122341800238308,-0.811347712269124,-0.0254498884963121,-1.0331358356198,0.0305689936798609,0.0385232453959081,-0.501409873040306,-0.0344365363545903,0.0594301209768836,0.604763172738293,-0.213161475940752,0.275719931432459,0.242989817846326,0.348760389032655
989,0.269559033651123,0.124958706721817,-0.188289485210098,-0.22333626271758,-0.395578625754439,0.279499212941575,-0.763978290966035,0.295247052100964,-0.0301477532110642,-0.406956273083945,-0.311993448328131,0.439976728496454,0.115183211795069,-0.773505840567957,-0.782260864628142,-0.917118714816909,-0.301959667951305,-0.828709366837034,0.46221619453207
994,0.221865637771589,0.228646318861434,0.250250416575088,0.290100605354341,0.00112487223284185,0.25735995905551,-0.731071723841,0.385918045655991,0.913478276040427,0.17831224332317,-0.00343610478731979,0.64618775530937,-0.478913333907303,1.35207488733363,0.159267056561537,0.42378792710603,0.681581489431497,0.731908029760144,0.43620367327144
996,-0.521493175412826,-0.0668351482175742,0.0576873358760414,0.212306069338336,0.819407724642947,-0.0736004235250276,-1.06208337245236,0.0460118850755237,-0.203080584479823,-0.57368907221151,-0.369494964543331,-0.146918665892779,-0.0400168397346515,-0.355663042252905,0.585092882913855,-0.222858783962868,0.738328583563875,0.883645523963732,0.208908741800645
997,-0.17134920678565,-0.0957248271428256,-0.712321801278626,-0.465788577902986,-0.289147997800811,-0.67793650845774,-0.378147805378382,-1.12625528022325,-0.760405274876727,-0.159002344938361,-1.41137003605916,-1.33983889074734,-0.279607671563721,-1.21877353390674,-0.377146415119536,-0.103911775143198,0.117974820896863,-0.930025327950397,-1.00166001701463
998,-0.520830570216876,-0.319662227105086,-0.257328787887961,0.00100569105961092,0.0377820489843736,-0.540045716765769,0.752016176954422,-0.406803267949525,0.0219944213671927,0.241814442897214,-0.389869974658207,-1.72203149686746,0.286688161733974,-0.422775498048074,-0.656099738216386,-0.437140213598098,-0.419895843926773,0.402855243541353,0.0307193644949265
999,-0.458383472587808,-0.671931567080538,-0.894598404841718,-0.723593106081453,-0.223597647708896,-0.0396785773470356,-0.937271546998726,-0.390341579431286,-0.946089035711752,-0.447514522601189,-0.905604217902653,-0.482525253010121,0.0254827183317616,-0.951615198192243,0.496153658223665,-0.629071193560536,0.0598728393752138,0.237987011858677,-0.889837701119794
