"original_index","V2","V3","V4","V5","V6","V7","V8","V9","V10","V11","V12","V13","V14","V15","V16","V17","V18","V19","V20"
2,0.280071765014206,0.141353687328574,0.501301413102098,0.198304781679648,0.417159775646496,-0.620633836968394,0.0206975940718744,0.223081434563846,-0.603926903479255,-0.0968457689968835,-0.444407557254035,0.387193478379747,0.165550401678602,0.384905188947915,0.13093900524656,0.250810249693918,0.844657533391763,0.581441069019381,0.335995206208772
3,0.154386911598045,0.029272072123926,-1.12962377001669,-1.21616278118241,-0.904905281411895,0.18184365487223,-1.43072248261603,-1.47600062314736,-0.97388326473267,-1.13375451974304,-0.714765248392418,-0.617950105747246,-0.0158607863245987,-1.36700234407627,-1.09362685153109,-0.309193973497119,-0.694122334770719,-0.810051874666902,-1.74168987757193
5,-0.333605202089808,-0.451541405152451,-0.512624621823021,0.199930192979642,-0.091600395777109,-0.462417505723456,-0.0320746638218291,0.0508058199769695,-0.168585436052896,0.210904168291704,-0.955003890536041,-0.211846179176157,-0.0976038003904004,0.305586211480062,-0.213612263558169,-0.154522352692816,0.476117221634859,-0.210011744767038,0.737829460943478
8,-0.259049776602388,-0.295102157112584,0.734739051688322,0.0969279628678403,-0.138750620650607,-0.135079948259276,-0.33895689409958,0.649229440239995,0.891233269649792,0.281382052727194,-0.119226327074861,-0.0831387768614167,-0.285698153213317,0.706907311147046,0.289930825051739,-0.30477436968092,-0.185386936351951,-0.134364978199383,-0.937769646396394
9,-1.09656649620686,0.262394492381831,-0.392779910800321,-1.25146116366898,-1.03305470524216,-0.153974541730383,-1.00057470309097,-1.29335053789281,-1.14134891214823,-0.794984985714497,0.295396740528082,-0.909837315120282,-0.238347373232264,-1.89547047293471,-0.548608576155129,-0.272205554035291,-1.23034830861398,-0.78912014659301,-1.2536438881002
10,0.524801938912013,0.818874862891517,-0.943562171409924,-0.891308540722105,-0.754755426310888,1.1831003096371,-0.464017416902441,-0.756061125861095,-0.972255672055629,-1.19496653574231,0.592960230463652,-0.369962249696556,0.200870048267109,-2.07612620907477,-0.515702076566998,0.390345129216031,0.542226005649376,-0.886874195936733,-1.4381100043547
11,-0.317244779165069,0.0305276430996685,0.600539740969209,-0.715762913742104,-0.640092435058096,-0.54097073855204,-0.868696912070459,-0.790474930171541,-1.18271327382337,-0.673564607270373,-1.13681583426095,-0.835123361751253,-0.277482123107032,-1.24758884425183,-0.781880880504393,-0.546437392117033,-0.734475504957792,-0.126234817326885,-0.131335161697016
13,-0.604788090344896,-0.513581155904027,-0.950425845055219,-0.871006738997809,-0.536064929029943,0.510030882178679,-0.458647210465182,-0.480486921877879,-0.067173211782215,-0.390855035524317,0.543880414222642,-1.0432070980984,-0.392890242208099,-0.549552374827536,-0.277137759381722,-0.74562356494013,-0.464562546600055,0.357328427827848,0.667955170181083
20,-0.286188002840602,-0.134198539748243,-0.952086069698127,-0.583611173525007,0.630633429431125,-1.96331763229395,0.0108774740237945,0.0775732034995858,0.225011711583511,0.240179279943812,-1.94794693209619,0.768310137111676,-0.367616195311884,-0.594738153779537,0.0120570145242722,-0.0804627556067823,0.322218846715952,0.120086111594942,0.515478790562872
23,-0.779267787241589,-0.960705689635685,-0.447584588807321,-0.619424658757114,0.212572922073028,-0.65833253711265,-0.0924147149652267,-0.516429164870301,-0.510612620025208,-0.123062477895447,-0.61347135057132,-0.429588028166008,-0.834040853859155,0.552372809415373,-0.182304898867811,-0.633031220773631,0.0154720246480406,-0.347201439884667,-1.01562401391331
25,-0.928956550315941,-0.691106045976983,-1.77818612895015,-0.552424341334835,-0.432953611110338,-1.36250090130623,-1.01810252165075,-1.2969618113198,-1.02579868689088,-1.02135443211902,-1.61790043136441,-0.740258368473597,-0.284865609295222,-1.61636692789858,-1.35744824653252,-0.86723096222893,-0.873713074753598,-2.69734717618183,-2.88427921131013
30,-0.597447129098213,-0.43826900773812,-0.456585310180929,-1.59913144964521,-1.14815253405263,-0.0805860010891301,-0.405603198773813,-1.46148334644623,-1.13042663472164,-0.909742807047428,-0.487991364090948,-0.941275354690375,-0.31881436392466,-2.27989804777304,-1.21219394460821,-0.415660571514639,-0.299155222099025,-1.07429157720864,-1.68779244351974
31,-0.137667753222107,0.764151817977169,-0.95308484814582,-1.37393338877601,-1.20994878658495,0.683013438726468,-0.77461244327766,-1.05706356329334,-1.66774744047124,-1.89538984373364,0.3558212648994,-1.37220097630552,1.07522946355732,-1.5080194118954,-0.932535994938145,0.598998493569178,-0.710251862186676,-1.61934049378317,-2.11471027104016
32,0.0829032044201811,-0.685881557260417,-0.703313856815913,-0.476696976141065,-0.00900216103560699,-0.809413010904891,0.105870828827479,0.434328458399206,0.112013806226157,-0.0437765687499253,-0.688063456677238,-0.150360885951826,-0.678005615713049,0.0670146120283534,0.131463197614691,-0.817663368829295,-0.226526392372467,-0.34213988059765,-0.582941438678016
33,-0.0556387194340471,-0.373557658385175,-0.275642062837618,0.136057661642462,0.0190156834843794,-0.643590847177773,0.13449840849592,-0.179532879818401,0.167196044159262,0.114445156910158,-0.666795083442823,-0.199862280107752,-0.313194801800439,0.0848401172839039,0.0934142091992947,-0.317058963147722,0.200918072328606,-0.591405340864799,-1.32874244790476
35,-0.691101440816039,-0.231389179123409,-0.695033283935252,-0.317816509795166,-0.16814359676091,-0.452631332272157,-0.0428996518981262,-0.107196201447526,-0.729896839084713,-0.376696455402972,0.775566256775687,-0.264368938562558,-0.574823659114946,-0.0315210088666278,-0.541667781495864,-0.18643241582174,-0.328864464402667,0.464666077961783,0.348774881528297
36,0.784206793672662,0.587888364334431,-0.0736305046469233,1.05042618149764,0.889121855839945,0.446130808446557,0.152887046252615,0.856684244846363,0.488780419696379,0.690336698039981,0.14555312617275,0.770930774990619,1.05861112013545,1.55774344105823,0.871167820584634,0.541252798355961,0.146397923697465,0.708744226324686,0.810095359900277
39,-0.652429639735753,-0.662758506534484,-1.99335889312307,-2.40652569831783,-1.06273477699759,-0.632981192419317,-0.954098585922782,-2.08789911389758,-1.60251360650891,-1.44240545161719,-0.37563231637784,-1.14608118966868,-0.234821632565692,-2.40012248702039,-1.75696458462647,-0.409169720346421,-0.797367907104922,-1.97933636687832,-1.73994791286213
41,-0.72692317541822,-0.437177755100599,-0.551820603366941,0.116795890688963,-0.922367752630441,-1.14060205592777,-0.65816292298535,-0.508270774897612,-0.648637020097136,-0.941956736794208,-0.724964719658487,-1.34579028812475,-0.462193176368169,-0.25783154742997,-0.679094085311236,-0.309048130797675,-0.981260359911864,-0.619498750152657,-1.21550115155536
50,0.292439160729598,0.205420352342195,-0.642769558538811,-0.788406005026895,0.0219519331896139,-0.265802448487163,-0.371979534937191,-0.4713292863493,-0.991675158236681,-0.775560728960297,-0.913665308580374,-0.0636027570263319,-0.361371718518111,-0.975711183641849,-0.507179177329962,0.0307969322661534,-0.380416193129933,-0.536442912341145,-0.194491086472747
52,-0.369850575589833,0.0153336286641463,-2.04611853027165,-1.16864033619424,-1.05499981393589,0.185150943317414,-0.982591847300907,-1.58865661165581,-1.84217980781184,-1.43666775802412,-0.0754896135843448,-1.38655598023442,0.216960220579639,-1.79723652216029,-1.27893160800041,0.16310195059785,-0.673900951610281,-2.30056460806334,-1.55491581443212
57,-0.397092398597,-0.349525468717019,-1.25927595344625,-0.894587630661304,-0.728876512517624,-0.656968475050832,-1.00119334622651,-1.0029195369633,-0.310579703155627,-0.785766312267175,-0.858387349279367,-0.435416911167126,-0.960064523924616,-0.818276014208106,-0.672506297282036,-0.344546777799147,-0.572482110962122,-0.400770683184389,-0.591122669436643
58,-1.14940322023926,-0.93376037205246,-1.65508847673114,-0.174055498478196,-0.315943487938211,-0.72822314271786,-0.613703488218526,-0.207019692570389,-0.249129149776698,-0.34141316874536,-0.740647632827277,-0.164927864777283,-0.381880975481366,-0.157312068231802,-0.516048290513944,-0.83390067079908,-0.254446222360527,-0.0511460133347666,0.682588993216131
60,0.189021968558177,-0.340833159004766,-1.94895472538136,-1.10867539634009,-1.12791482563601,-0.97521685559394,-1.03722091123809,-1.74438339359989,-1.08347757315027,-1.20613673198004,-1.44245453058153,-1.29116219944913,-0.86380328235875,-1.79165562357745,-1.40543203765576,-0.376000416885706,-0.787139632863339,-0.950287915352056,-0.55169617370063
61,-0.230101018251889,0.453989271065624,0.18599398437212,0.25719688166605,-0.0102338171144536,-0.230588904953756,0.567338139240008,0.098500312196136,0.237626789891426,-0.0530436420428205,-0.450212646955031,-0.0414634933547149,0.409169219493716,0.219254805915423,0.334207618677636,0.725612936081308,-0.0451807106522725,0.392195845395214,-0.528829698823783
63,0.629742921753961,-0.446708425019387,-0.961109534770601,-0.797670293945437,-0.693442286412525,-0.262381340717023,-1.1916194691252,-0.443639994243474,-0.675480980189753,-0.810721283308689,-0.00884791942875501,-0.389329723198269,-0.293977967123577,-0.403601387474288,-0.621866642290799,-0.211463386873855,-0.999384254616168,-0.217397196423922,0.0916630063337814
64,0.608447683744626,-0.519460950517041,-0.453770969610598,-1.05896138227808,-0.257349574333709,0.0597516445786931,0.419612324765944,-0.0822513704506433,-0.272063521223979,-0.275625459171669,-0.0906829872453398,-0.430932901922477,-0.166185393887644,-1.06312771101246,0.054581893163455,-0.761444636274132,-0.104362328935447,0.00234916699637926,0.206689947532499
70,0.0440612193532745,-0.196930979907104,-0.00213113276699005,-0.663901475264462,-0.523458193721618,0.0704584967725579,-0.538809897129944,-0.452856224029442,-0.672984954550582,-0.702217819543525,-0.670157031067645,-1.11873266485346,0.142109073574899,-0.514087677368971,-0.535115643301843,0.226847868403591,-0.296559871540146,-0.667624996631334,-0.857790829562897
75,0.86275567793907,0.834803171600458,0.0227081886596572,1.47401362167466,0.322300505279979,0.748313299012201,0.0465123469524632,0.387012784805861,-0.405324814218651,-0.220670124497207,0.741924198486772,0.398618622211219,0.99774682935433,0.460961101961093,0.0608744994240315,0.684181932342774,0.670280702590574,-0.332534002049648,0.246184259311885
80,-0.865142889155865,-0.638905526544798,-0.489722267411848,0.169418639000784,0.19984410805297,-0.75095148552984,0.0218821813013828,-0.27660389501088,0.198893945536588,0.0590874167425146,-0.0773675126944982,0.0425620456363055,-0.283996501191797,0.0123851999459782,-0.309985988945809,-0.812495137349509,0.0449832108644752,-1.38636150221956,-1.72592212981005
82,-0.139825035555303,-0.179962417489192,-0.44537902639656,0.1855386091005,-0.213152166667457,-0.547496628833988,0.398771233984441,0.263836875118384,-0.323293999895835,-0.516010717769276,-0.612923580978966,-0.835012084269788,-0.369395988901137,-0.130433646205662,0.0856542040654125,0.334375382738287,-0.12905515893986,-0.744617023713001,-1.72349349398205
83,0.389871364546334,-0.731194740702488,-0.103491105649868,0.110140247227507,-0.132935379679474,0.730171003678595,-0.377997032166115,-0.192618181976286,0.018609413617278,0.381973824461719,0.336922687327154,-0.434066347672938,-0.309101402597423,-0.0196220508328282,-0.15412614594056,-0.112067872923426,-0.803944184808192,0.0126824970406495,-0.828250374999417
84,-0.149898607068557,-0.0514513904415648,-1.72957103695229,-1.30931360758089,-1.30781474698094,-2.3454307365488,-1.71089487034502,-1.24923167318975,-1.44508113474114,-1.33508931162767,-1.6086968097146,-1.52545455795012,-0.253970127577578,-1.77203413038036,-1.49225774031941,-0.0345655296315606,-1.33502154687153,-1.968178157412,-2.61722281565987
87,0.175693700093325,-0.50343188536908,-0.478724052895908,-0.36262305351131,-0.016597329923866,0.643735576556668,-0.695199167584668,-0.359065628104669,0.101288010737792,-0.11949923462525,0.790629573592389,0.0364687995186052,0.465426214181367,-0.251152643258039,0.0920382882404341,-0.0444791843715616,-0.0059082245464153,-0.0901083484980263,-0.942224753873412
88,-0.629418176800187,-1.04666829653865,-2.29817632487898,-1.46478239275961,-1.0866721221191,-2.28120147703137,-1.91443016068704,-1.36978776235314,-1.36054894933671,-1.26979631933783,-2.18583436134111,-0.873646308450765,-0.740479523422137,-1.45772265203819,-1.62684823292162,-1.23542993252608,-1.48677066674624,-0.639788991856683,-1.39042496210243
89,0.667529607034602,-0.395313151437575,1.60662917908156,1.61773513995415,0.998462310073267,0.465597566599477,0.576074625740398,0.849063288262971,0.951545948077043,0.825304228580012,-0.0580228681599703,0.937674640817755,-0.16762729107612,0.851900478857206,0.74935262256386,0.0255693687152459,0.63422193039831,0.327443591517279,0.26374531051402
91,-0.3824531869676,-0.389241271821132,0.0406302854527862,-0.0209233100991353,-0.186556980661505,-0.0297216199655411,-0.0593985232208918,0.320637969683923,-0.129951786212534,-0.289226859064133,-0.621003822734553,-0.533792589827056,-0.347146182175966,0.237684822631314,0.121406614182717,-0.620254882251362,-0.0831664761128373,-0.556475267755096,-1.09879672676503
94,-0.263060191096278,-1.15527550193631,-1.74302475199972,-2.6061120549488,-2.08393166980947,-1.54041748291105,-1.34677512999312,-2.50907963929705,-2.65934979253666,-2.04567008763192,-1.5765435282253,-1.9895079069258,-0.914441898011654,-2.77358350436069,-2.26460910236284,-1.0357769930747,-1.38963841051473,-3.34111437760517,-3.58415392049619
95,-0.513318229103867,-0.156705250716962,-1.34409227262864,0.13806504727409,-0.579952563161018,-0.106471877459681,-0.995693265771257,-0.369687363893974,-0.618526010914255,-0.581143782064644,0.0529590351800741,-0.231841950432987,-0.577345933925277,-0.872879296869034,-0.341381723294311,-0.387995808609436,-0.638810539775484,-0.77960528220787,-1.65620889836704
97,-1.28097807917412,-0.659247737138715,-2.78635609697296,-2.00496413410589,-1.73397501377761,-1.22214024706777,-1.92730322469587,-2.06052439278685,-2.18192309782091,-2.05698585219467,-0.828730280124678,-2.08323477666324,-0.701669014300321,-1.57938924431949,-2.13554475310556,-0.772026911894508,-1.92101344167564,-3.23463584389499,-3.89900017667779
98,-0.0478097128186315,-0.120825877706046,-0.107590262645303,-1.08910152135968,-0.420677550019681,0.191341134865541,-0.0123836680987912,-0.600187894777987,-0.415912698715339,-0.603546344654508,0.426650763553151,-0.658807289140895,0.407907913908505,-1.20116952734034,-0.689865384108273,0.588336945267552,0.262528664109492,-0.142417515791409,-0.235950227475623
103,-0.211656400393409,-0.604777012948357,1.37163374477802,-0.1379119357704,-0.145832568898305,-1.04827358686302,0.252182378391361,0.564854939053196,0.340199458906556,0.338410495991143,-1.64350108032573,0.521159004864983,0.184485007487474,1.01352096273304,0.481812087869631,-0.547141643755483,-0.386325418535623,-0.701917387470291,0.174598662247435
107,-0.142379561960428,-0.0789770772182107,0.238867964737357,-0.115997277257489,0.64340081115724,0.102367088305071,-0.0819472592280816,0.130406343247221,-0.353709306628448,-0.129451133413586,-0.0905164587030461,-0.747509614142445,0.27156995572173,0.301144329467407,0.13341980546255,0.25316687914763,0.190123471895354,0.159632448585497,-0.83515780849362
112,0.0746558749253539,-0.284861383623578,0.260258983519797,0.0535686957362492,-0.902653050056313,-0.0546500614571482,-0.0648382129138452,0.0702215511016309,-0.182648015954359,-0.545779708301043,-0.133104585412466,-0.156347453138448,0.0174686079913828,-0.103873410922136,-0.387606529720341,0.373468191034578,-0.126456072132287,0.379799568219314,0.449961201176526
113,0.234162860939312,-0.512086920166436,0.145091125319474,-0.338085852109971,0.228842984134047,-0.106869636531557,0.394160944223117,0.0977380158505143,0.236003926080348,0.205165967414679,-0.205130074657269,0.131267804007349,-0.449947254341863,0.271165027658244,0.691468700112472,-0.126617745299865,-0.0519950335498579,-0.0402331110922719,0.946478048568992
114,0.26553434449605,-0.333555695788623,0.488417229826746,-0.134748209666669,0.754787450497291,0.049129908319231,0.251029309443584,0.0426526964666941,-0.0895694450261502,-0.276498429335396,-0.567298706346892,0.512106740150797,-0.116846862480725,-0.248514858367048,0.232179533116225,0.0693780017460021,0.104847511010609,0.078607064672125,1.06082619328547
115,-0.308138511365628,0.786064314012952,-0.00592331235756304,-0.675580954659689,0.135932553093646,0.026239704181312,-0.0653019704209982,-0.888531237135624,-1.10053069402601,-0.818169744796106,0.402450505914758,-1.05921335385276,-0.495459491407477,-0.417781204382927,-0.712891394315877,-0.456187412622836,-0.18040524154914,-0.801716605901281,-0.413696117471503
116,-0.286959372598959,-0.187812817713689,-1.29099495162916,-0.172868205062111,-0.72307495539694,0.00228701858466125,-0.337191765649896,-0.555413616623451,0.00844798299766326,0.0589455016354135,-0.0695281522179649,-0.999225687594113,-0.309323527576775,-1.01686453346503,-0.529807698090105,-0.360219880302641,-0.151733572647312,-0.354366893342799,0.38746897799609
117,0.322493925593854,0.0455735603795135,-0.354292512207675,0.37572251469774,-0.268977470498355,-0.345049171067167,-0.146850469996148,0.0434485954603991,-0.0104768659122554,-0.0423877019912978,-0.002581185395071,-0.109143189064078,0.220250574360924,-0.228089627582809,-0.372346598497014,0.00280230139082063,0.168966771378009,-0.0621940511176804,0.715363173915902
118,-0.133843809472027,-0.199597068775835,-0.27639505150069,0.0138097518621578,0.708794238853615,0.693326806162592,0.0383874415524615,0.208094556630192,-0.322484419728194,0.222594021990829,-0.192367186555188,-0.0467137717908741,-0.222706835821267,-0.0414980910113102,-0.381240503609542,0.54258304185581,0.645394115245024,1.07225336604653,1.04988744945503
119,-0.00718136908113437,-0.140775400519302,0.37147912001527,-0.303328429448532,-0.838943135026518,0.33680904284662,-0.14403717538224,-0.0396111769819876,0.106275010143175,0.453860611833518,0.713102350174897,0.477950082653564,0.301962449369988,-0.170160475954104,0.907895970155153,-0.132853844627607,-0.417157846058607,0.22536056452055,-0.269678399867197
120,0.0325488152805508,-0.491953286720004,-0.684855842700358,0.34556785417134,0.0383675386081196,-0.353768236679325,0.0209518690254476,0.68182765613658,-0.610895334932853,-1.08353506275169,-0.797147201237521,-0.399047788364733,-0.798356181982406,0.517020441693728,0.342311778553155,-0.389524557960984,-0.135234151572296,-0.701697137699278,-0.825562073979605
126,-0.37440126857793,-0.52602253907206,0.48964566392629,0.0706949848716205,-0.231115659765987,0.139737910045426,0.2773537183606,0.221320337474471,1.00330029729856,0.979788470742499,0.100538513008336,0.425253088166154,-0.215489138414124,-0.236309983419054,0.650952155638841,-0.168016165250127,-0.420895239787537,0.0238304140216058,0.102178024922874
127,0.193736641241954,-0.130573774175536,0.219508086266906,0.269691655112848,0.799804880205653,-0.034931913641902,0.0153856336466826,-0.192878619342218,0.913709089102811,1.07481785055971,-0.247172182636973,-0.635211766885436,0.580557199186394,-0.371557830806165,-0.379381464102755,0.282603178778333,0.199966403298585,0.279534448276725,0.163726619012005
135,-0.0795764749567368,-0.0828088127635412,-0.233581045117816,0.0149319253291967,-0.0709041799669997,0.132293165396887,0.0965389533846377,-0.620009584632089,-0.250104185713195,0.42580109697085,0.0686857760640819,-0.525178278956041,0.401673935026002,-0.4778718901485,-0.172927224977593,-0.166689963688378,-0.528536539106943,-0.382493086964172,0.10557648604159
136,-0.125514966066116,-0.287287026039427,-1.04018578708285,-0.462311062717244,-0.185391133827247,0.187009367097253,-0.206680070102613,-1.01378631930761,-0.50131681817079,-0.172030648067261,0.153110469854758,-0.314234709675399,-0.0809670133013935,-0.210586497374241,-0.466322385233485,-0.138486040599724,0.164149397126743,-0.394607396957422,0.0178830086080344
138,-0.179504104172741,-0.00325008366363093,0.0532295170530297,-0.341184264016044,-0.875148843509186,0.328970215852693,0.0211234369604977,-0.404477595122596,0.931139073022607,1.17545994232219,-0.248561840192798,-0.545006148640666,0.459510790833626,-0.0108939408723032,-0.214527278361595,0.343125964464161,-0.0531413801744391,0.324631163178177,0.504031905281065
139,-0.0780911069708957,0.569524206969853,0.949388520579802,-0.157154594874496,0.70080730788686,0.319376305414393,0.17520066358633,-0.597450950543084,-0.0299316778855768,-0.0389064841941188,0.523837456708005,0.614563972653237,-0.571165752596703,-0.00922601011458754,0.386643254281512,0.0738204290290727,-0.0817159423291951,-0.183489390632717,-0.752131743348938
140,-0.214712807685084,0.162969167246984,-1.27863973195589,0.157481586824973,0.187476396467881,-0.148605183986918,-0.482841787280845,-0.101982540435571,-0.0373691051530041,-0.0864758846542799,0.297833850833086,-0.59744332855732,-0.996235730321978,-0.173426912846222,-0.664755276011341,-0.149339743817678,-0.296580556240778,-0.169271431842875,-0.305164207161444
142,-0.182244821997363,-0.783368808007064,-0.128001039667252,-0.277446308943528,-0.231828968575327,-0.0801362782276877,-0.00100679536928006,-0.674157740639839,-0.746384482349247,-0.547964173169298,-0.742856297196657,0.043604457167635,0.0956457341342803,-0.336281150370837,0.185849504856795,-0.340425396792663,-0.329398871737137,-0.433406782498126,-1.77172051853181
143,0.321255132430194,-0.363045903128251,0.759625537999528,0.373804488475961,0.389187934211871,0.0326669772627437,0.182872653017149,0.478472840765506,0.913023831962091,1.32277527156894,-0.476209854706061,0.689221839158081,-0.502915001001969,0.734100227397829,0.669057615467816,0.249422914727505,0.439075174962921,0.0824894670299605,-0.749738372166111
144,0.408354426064512,0.270977206482463,0.282281797637726,0.443548586608645,0.883289466397607,0.585461802777933,-0.216920578664685,0.536043752027111,0.351414633985535,0.497506701832423,0.127979482869638,0.0750299487679333,0.455083967893333,0.684407755663292,0.199468862483249,0.585230110264165,0.751095210750572,0.436768555694177,-0.411818210570003
145,0.104045660147978,0.590229917555473,0.358617735458759,-0.0974209911355999,-0.431164696767473,-0.31470985546616,0.390375814635863,0.095960149012193,0.931485585266309,0.896480251717813,0.623923926861792,0.768285648969813,-0.339161960469594,0.975827458961688,0.650978605226393,0.109617913605956,-0.303617996936279,0.284162751709026,0.0633275358556023
146,0.186652548023407,-0.676781208989949,-0.506695255605135,-0.223980047221534,0.293455941734156,0.916978330528712,-0.313131960925908,-0.465940311825365,-0.510640554504173,-0.167118476552748,-0.549276323739058,-0.295585890908102,-0.39268757566704,-1.0621101595897,-0.258688207704495,0.567776374228635,0.328582756054678,0.620765990888658,0.651987066384256
156,-0.0488429308809813,-0.244874733130396,-0.833374631512717,-0.560914958368386,-0.323497781947932,-0.142325547820753,-0.237443478950106,0.200694530838737,-0.231636927207065,-0.189049526633054,-0.00917624544480367,0.193649730624975,0.232701557663603,0.101734249549931,-0.243501695726674,0.253958865656681,0.17434961810185,0.412176624413401,-0.697228972401826
157,0.153351548316729,-0.445348420224229,-0.815240916864477,0.342577558865776,-0.0302382213140544,0.0751714555926945,-0.237399759933627,-0.858777321921221,-0.441515355343193,-0.368913846801476,-0.42685027423724,-0.301970209188615,-0.948222902896272,-0.768909261507185,-0.62951503817195,-0.315012983207119,-0.667009894568409,-0.157516668177138,0.750902385093517
158,-0.0273109451593819,-0.0270636847026766,0.679928236982687,0.0332814054994465,0.146354667549031,-0.0918191100872253,0.476600584854054,0.118557135396242,0.347969405671722,0.069536666442254,-0.307338245748575,0.121608502514857,-0.107553194677501,0.0630862983466444,0.66278992598505,0.249269220243443,0.150677108024793,0.084803368278078,-0.867756686608952
159,0.0241550898230696,-0.910284505855524,0.632973980575126,0.0927387240219497,-0.296091460077678,0.236509845996756,0.11483424099099,0.60070032595542,1.48393240582595,1.83486914442613,-0.483230074970285,0.542148425790925,0.0489551825302343,0.811074704801594,0.0355252198780889,0.420482499994359,0.14443661898109,0.962089332828165,0.802031771554496
161,0.389040377954245,0.424224200166791,-0.039754269884322,0.061245261833172,0.578616919391539,0.942666871206755,-0.0849657379669583,0.173553034989652,-0.176923553022099,-0.699291363733812,0.229362900546057,-0.176375619609882,0.140954640105484,-0.417132698089765,0.124887417086278,0.632902567972248,0.739302839630397,0.875182538533444,0.679928497739308
163,-0.08697339176766,-0.289208781689658,-0.231075802322229,-0.115921901329787,-0.375778996460771,-1.32664879762588,-0.244449007727033,0.237044564142503,0.831801689340239,1.3110974487556,-0.789550593182269,-0.132416996850578,-0.924344593032442,0.218100214776307,-0.0679006970592819,-0.52531398357963,-0.0536945617023578,-0.631419100875565,0.119650697641786
164,-0.0722617024148224,0.333811090256047,0.276738166010238,0.647621704046552,0.111717997284576,-0.282600151034862,-0.361692712675781,0.265708281141378,-0.445415664471626,-0.727848758314448,0.370177749600629,-0.315897250452882,0.463554610684129,0.316942209053092,-0.618393591777407,0.0107669159467447,-0.206659912126204,0.263231758381718,-0.0299043151670508
165,0.075978961478996,-0.225164592213677,0.215147069143029,0.356701151150045,0.567676321525583,-0.025622886971999,0.293927968283995,0.0882788115846916,0.136627689643799,-0.0724174851782156,-0.16898784670829,0.421330393598663,0.201371596472438,-0.326117193489408,0.216227221424105,-0.0493811726548294,0.36111674906119,0.340783235893334,-0.779313950804168
166,0.302211194106097,1.04763589274702,0.0487921955925879,-0.0757733389944955,1.23849304733603,0.196998393812754,-0.0844518593929403,-0.108566440622061,-0.79071061706348,-0.844013591075363,1.28058631069524,0.115238754538148,0.133083005571975,-0.0671169557993341,-0.177251101709469,0.11762774078085,0.523295751844719,0.153048484296089,-0.0344006546351185
167,-0.333839437393998,-0.328219286357949,0.945815999376684,-0.394915770474592,-1.2663980907103,-0.803029045834978,0.373780329942164,-0.119090959467764,0.368753084698028,-0.178323534203039,-0.23374151290812,0.300953715647015,0.363194647534428,-0.914623171017252,0.627165652076036,-0.223111707103737,-0.419685739269086,-0.724528318519302,-0.846914916987831
168,0.00351403390713501,-0.210139826211293,0.0908079965068121,-0.235917421749836,-0.0430322564883644,-0.445811081780678,0.131468736055671,-0.14619790845075,0.668590168047126,0.290511463204079,0.0213313762546141,-0.551447038088878,0.338994469110139,-0.36339123196401,-0.128004234042136,0.342239691700655,0.234589067069581,-0.100335985035274,-0.370821878123452
170,-0.161778549440458,0.299360669463836,-0.133276930336213,-0.11233227035758,-0.404694107635285,-0.28885224921027,-0.110087615647339,-0.15662261090519,-0.772888907816324,-0.959223367733573,0.19868327125574,-0.649982949014861,-0.57577049635489,-0.385603900111251,0.139525101427201,-0.378019025821888,-0.244031582951405,-0.374439020645379,-1.99775878168952
174,-0.57942636562592,-0.176575831796206,0.632822369353192,-0.742537145697001,-0.598603564984861,-0.845937312851946,-0.280744839039582,-0.834745748786565,-0.95309877059826,-0.881779375145659,-0.0188896371955161,-0.366604545273527,-0.815686468183343,-0.688355983691581,-0.0321639953071814,-0.917483204290278,-0.820410036160574,-0.700342322861162,-1.76831196650951
176,0.241455645132661,-0.489529968232116,0.735685967206805,0.298904836555202,-0.475155598672181,-0.930802188213541,0.381105583992836,0.135314102837706,0.591162270885433,1.11980457704733,-0.11791971055313,-0.288323615159585,0.0765097534332423,-0.279779309290144,0.273361070134669,-0.107644941780381,-0.233508163552636,-0.230819019003064,-0.430843907457255
177,0.0720455553726358,0.502438084370625,-0.825542980352878,0.272096254848555,-0.250540943412762,0.203717344727109,0.10340156090342,0.386567762947014,-0.478183312388438,-0.0834871817445488,0.146483773918605,-0.107263431919941,-0.238913566616914,0.283748115442249,-0.447476233656618,-0.308857838494273,-0.108832542145427,-0.19354919462649,-0.512288265334313
179,0.0283910782946716,-0.349880559182634,0.551785179880766,0.177785236895662,-0.0852173417131668,0.202095628324412,0.377170774741562,0.536486478470157,0.872904815598236,0.933836699582294,0.120278282036986,0.420676647810959,-0.0884726571238574,0.970238400917299,0.490604512538002,0.402604390511576,0.661686827101241,0.405746130218006,0.909616299317415
180,-0.405685002840074,0.134334450333896,-0.467704260698136,-0.373132602914967,-0.530025424439014,0.0671744910698763,-0.206945352074788,-0.52604746942746,-1.04804388030944,-1.21334968494575,0.467592155310803,-0.396607464063045,0.010341468119673,-1.28805806946464,-0.123150228062172,-0.646232248551938,-0.355774545335415,-0.692247670433528,-0.726008822760205
186,0.282274024506573,0.0639739816081526,-0.635929239857366,0.599804136205277,0.890054044321286,0.152336164919503,0.141334387486521,0.198754341457427,-0.267386966879735,-0.0341175972072939,0.0788454880984325,0.594314556484078,0.465995340187242,0.341872630423423,-0.199726231154901,0.29544474747284,0.451734642702731,0.155790379874765,-0.825834335969443
187,-0.644544327171177,-0.0121596042564151,-1.13997062608648,-0.590855814548793,-0.709899674524225,-0.927944271607234,-0.550603674623486,-1.30594687486428,-1.86917241287305,-1.50420144011732,0.537717479376637,-0.703500717687928,-0.867258325287066,-1.83618718188174,-0.967288083313337,-0.792024012494425,-0.465750413285661,-0.530469298859717,-0.929306543167026
191,-0.410080596818218,0.119808058806328,-0.281020245032644,-0.904051110791667,0.404241895392426,-0.58871958980796,-0.280131708182312,-0.485765661137364,0.40087600359684,0.575175318124923,-0.218070438385565,-0.498164338859661,0.473760053712049,-0.50465064410132,-0.444202018395459,-0.80139740242323,-0.499217517397809,-1.34261588056595,-1.76615868226969
193,-0.509121348564031,0.000812160148281294,-0.359786185199319,-0.878604333038773,-0.716933168560114,-0.338651064844546,-0.204809487271163,-0.3106316495218,-0.0988562069375714,-0.616084607428334,0.195960198953547,-0.196037713111781,-0.720176475184919,-0.856578692226521,-0.56415384159185,-0.738601457568253,-0.733553858901953,-0.68425490584192,-0.740515645391518
194,-0.143295710650022,0.132448927974763,0.0551692698787517,0.393808810390341,-0.453938076278774,-0.0561698918023675,0.469316064650009,-0.0848843934566396,0.794615328301323,0.207874145840565,0.253235433752212,0.169298404610336,-0.65007447014562,-0.555881963266002,0.256756925358799,0.135137773233324,-0.100064166816238,0.101067355654139,0.214562981804043
195,-0.302532819968945,-0.293648315035941,-0.475661192447044,-0.788403248601696,-0.783222820162212,-0.86173717201578,-0.0471262253157912,-0.9063065774036,-0.742285164332895,-0.604228847545846,-0.215606491234069,-0.146586768533372,-0.498692921549826,-0.883242290492861,-0.835751685941251,-0.846301111804993,-0.376853096112938,-0.691202628836394,-1.77957354572534
198,0.435914509497491,-0.291044505902058,-0.185391077096238,0.510406553483744,0.649562997899679,0.588690196545962,0.264783388564526,0.808786624442596,-0.436856233925831,-0.294568725753354,-0.287853074610842,0.00380702050846929,-0.573881554482683,1.02205214105248,-0.117317454912034,0.352560698432882,0.385506857451415,0.116581469834822,0.571297499309984
202,-0.419083596223013,-0.554782944027354,-0.786553140242839,-0.774714173150446,-0.250764146666764,-0.0471976499120314,-0.576466161140617,-1.3035946611244,-0.732240002451832,-1.26779272891171,-0.637323275413168,-0.795214717585586,-0.664964058298742,-1.66460805389505,-0.515118143389915,-0.371162282296307,-0.412258761768138,-0.35732931256144,-1.10502268634394
203,-0.119519098792582,-0.32394030146046,0.0905014535462629,0.399302696283369,-0.467678568411391,0.0817760836238878,0.135608559000203,0.781692690403177,0.853039912311959,0.654649146381528,0.312219277655472,-0.118334361970952,-0.537406060633607,0.272696954516984,0.156414668271368,-0.24654669917767,-0.341857440142087,-0.311491175486053,-0.0664823092203051
206,0.246552801898471,-0.00860823575696209,0.478246957255065,0.376449287895818,-0.178911220125143,0.436203600301237,0.318271312195149,0.643684975107314,-0.281693739344484,-0.91746529716997,0.165575746099712,0.219302754703321,1.61772599177535,0.302850812702944,0.308209585430118,0.626116253208202,0.536085620965261,0.701931604445425,-0.298626637766845
208,-0.150474844202234,-0.0937241393798471,0.214027906946009,-0.643048722026132,-0.176141511784037,0.787477890622628,-0.109051259528544,-0.263095354011987,0.356949751196407,-0.217840681228999,0.284427330021162,-0.255977224226656,0.799064800806965,0.20806948005661,0.303597730907669,0.0756909314916782,0.308919935261748,-0.0263850954514291,0.415826052935574
213,-0.133710436078441,0.27192480203724,-1.06110966164761,0.143091389305747,-0.234471965592387,-0.444653231039757,0.205781214014795,0.243402383914993,0.0301284369470203,0.668236120557454,0.471207276929586,0.124557803250078,0.199772433357548,0.274611357970537,-0.122738660767,-0.441473222026641,-0.312858889822325,-0.0149242153393072,-0.554483772315037
217,-0.569780378548517,-0.279514293823923,0.0455627452841327,-0.555607282999408,-0.426436983549993,0.223562036691229,-0.248775256452443,0.0102610736960043,-0.313963953322541,-0.836634609819414,-0.37753593919766,-0.552985676198554,0.150581257828588,-0.270485274455509,0.0217321041625809,-0.551394658838424,-0.766013817957063,-0.49373145015306,-0.71684726219029
222,0.331986537122537,-0.251347898236881,0.464852343931687,0.183033362301029,0.082719133785718,0.6697826008836,-0.185816489296063,-0.422719713243217,-0.159299493234684,0.522186050098224,-0.323262971534598,0.221002966970931,-0.0450240277498187,0.0276852348461998,0.864183584419079,0.286521038104423,0.0487459645672808,0.656057952478888,-0.134800196377786
223,0.0621286743713832,-0.645175368012348,0.274328328680272,-0.421847706625538,-0.933513297479084,-0.175398567422837,-0.0551037513119627,-0.282051737502134,0.504980573245215,0.18510674146599,-0.601696223743673,-0.126601586858025,-0.478729252744839,-0.0360933392151209,0.347583274238266,-0.11740688083789,-0.39050498224394,-0.309280704713423,-0.62101479560654
224,-0.182282013131875,-0.062732902580378,-0.852268707584115,0.295665779986635,-0.883161792574996,-0.170009062893564,0.170700671362649,-0.153422841373161,0.477078061875026,0.619020318989713,0.1842793537945,0.063482604737897,-0.605638591839922,-0.105373482837316,0.0963368426336373,-0.104658382915338,-0.106638502567876,-0.274181857085562,0.446259564198369
225,0.417471686240675,0.681894863662128,0.143873593035183,-0.0332877270388291,-0.0853401625991406,0.112345070486524,-0.263094770351999,-0.0114183887157446,-1.31590627719374,-1.29015674727973,0.431091264433701,-0.232629551646435,-0.0594140987072005,-0.164521985041057,0.0461574836784303,0.269743342784663,-0.0802547046287694,0.130747595148225,-0.939029503368725
228,0.335011596439271,0.0370461164661756,0.0692215435618298,0.438658470875152,-0.471184237032353,-0.814448041702107,0.261873888771346,0.373292317257475,0.0456854980640156,0.383143660766133,-0.79256277184601,0.619170204511062,-0.0816817335057756,0.419552862143031,0.291064383492741,-0.593304321963758,-0.0448045439921069,-0.0646442003711598,0.829780102484527
229,0.37347202966857,0.150737871210948,-0.0357379653165461,0.501790121940932,0.46158159438634,0.208627781661962,0.14831690211808,0.62963982376319,0.652778692242835,0.589933924930712,0.0271944838913618,-0.590967321456152,-0.364625377230688,1.23277178333523,0.328128898300005,0.099215877577606,0.221831656168445,0.330883015035243,0.928537495788064
230,-0.228036830273949,0.185819401131085,0.33960859663499,-0.934110097632521,0.278754578727388,-0.128023825510507,-0.00131733066418789,-0.604353567927455,0.0610310485451869,-0.573450761116816,0.108435530975908,0.0255493783541467,-0.24866570511275,-0.824050842134195,0.31686247135079,-0.00377369372829632,-0.07017987615592,-0.143985892714642,0.0087793803471621
239,0.35879304605706,-0.139282891371816,-0.155245461805086,-0.00771430838674515,0.0121341641956024,0.823085066874882,0.0674799810706724,-0.320424545691156,0.262099988472767,-0.0504434902842668,0.627671428342182,0.181113567993168,0.228217282828949,-0.233527631289298,0.147038304241698,0.100164293566002,0.284538219095188,0.00819806137574867,0.246607296513573
240,-0.412234870849798,-0.0412507884412353,0.088325761457839,-0.242862516450125,0.00845435452515467,-0.108866306968666,-0.193959817040747,0.222510851054572,0.497192062266609,0.429100061364393,0.193892735692926,-0.185583693375372,-0.854365664220576,0.328551131708436,0.486430086866194,-0.5352055421,-0.198334155900492,-0.62746821701121,-0.891542026522749
247,-0.121443331063011,-0.0478819006389919,0.0155064883629952,-0.0254062609714504,0.395809603028127,0.0418030712730711,0.107025867341474,-0.426090033885914,-0.139680864941025,-0.105290251188185,0.2970682851518,0.421248174648181,0.20920416392997,-0.290529943982304,-0.594531406209405,-0.140878650800422,0.0128782804996407,-0.507110328034029,-0.898578556863063
248,0.0501736950767177,0.423603507928069,-0.630587080642987,-0.221161182016098,-0.0916815274370092,-0.139070957502853,-0.25557819659051,-0.292604403538341,-1.36957875944329,-1.11060370934772,-0.00487875535773183,0.0739554949967925,0.0830653146584112,0.51297688222799,-0.406895451182167,0.246099908399109,0.225810868672189,0.0219679120053655,-0.308769217219869
249,0.396594688161156,0.171142004743425,-9.60281532456414e-05,0.490043996512126,0.30081754747576,-0.708954974897862,-0.396744963065597,0.525750389523009,-0.367693086097877,-0.810993170214064,-0.417092108188062,-0.143110824567871,0.125695362086063,0.365295793603204,-0.167699902968314,-0.212552248888732,0.188832525732659,-0.378111686134665,-0.260552823057487
251,0.48305788441007,-0.543627430624818,0.533765873688516,0.854027272141,-0.0697133897439651,0.614582873642261,-0.0138095497540982,0.521514127561997,0.382350714275535,-0.0796633253193678,-0.297908093104131,-0.179844828898393,0.101223288637343,0.227040612956708,0.256060710168151,0.322077621375095,0.144683532804637,0.114930292819512,0.149520658471892
252,-0.147527897279245,0.15834622430964,-0.487799879599822,0.676479856564504,-0.856057274398174,-0.0788013480719083,-0.361525064983701,0.0120466550243825,-0.506792250772167,-0.425811002973795,0.53332996490874,-0.651331885193097,0.336231638439552,-0.298254712084629,-0.409389472647683,-0.00858248079131906,-0.0621698811040854,-0.107420122068119,-0.57845036233286
253,-0.357438476507935,-0.057663251375172,-0.0924787912953533,-0.496092251238498,-0.481596471751348,-0.664306876015975,-0.0611461179852568,-0.0484778275839541,0.500601734734321,0.630326052185936,-0.137596291692423,0.421186045798326,-1.08962643984881,-0.343303630289571,-0.0992250022825277,-0.0646216461801012,0.0611365003450321,-0.422584169819039,0.00342954376933533
258,0.285104553593699,0.195473944945902,1.0385854057168,-0.236493033353833,-0.231845140221166,-0.0368546633751081,-0.0868495674685417,-0.472424742240604,0.338974244061316,0.084354112436324,0.200041225012623,0.259834231691996,0.383575957436056,-0.0279560816381252,0.403947191773982,0.472776543170457,0.382260697418558,-0.039399490061077,0.255831416229736
259,-0.0701503416048985,-0.681622531738127,-0.216501470769546,0.188642015237746,0.36952299734845,-0.40169449050804,-0.311622649260081,-0.52283771973835,-0.565565460589134,-0.773346096903668,-0.693884584707353,-0.709773308867363,-0.00851782457224335,-0.989424517761658,-0.707830326625034,-0.156851608055318,-0.157365957635965,-0.168329022872558,-0.617653483019631
264,0.10857932235959,0.091452061828237,-0.64095660021534,0.097014715078212,0.0663239436113789,-0.282275196828175,-0.00283072716811351,0.30652199740824,-0.0622459762641859,-0.0555775531448645,-0.334766088897968,-0.430565296655788,0.135145563450974,0.655523042282728,-0.375954885979156,0.301273240963642,0.00447978116364263,0.0250452814947635,-0.93786035494354
265,-0.0473999142992279,0.527684732045872,-0.207587808675477,0.221997004989753,0.741324615330065,-0.128740699603295,-0.124436909411758,0.15150363795646,0.504557788417211,0.468960435038107,0.325717440761315,0.295201524333753,0.0815143838217503,0.0408351843833567,-0.291770849078406,0.0815572584335116,0.196628350989774,0.466313591154444,-0.247310043963131
266,-0.157734442580016,0.131260974713434,-0.972446629111958,-0.532239210192701,0.358223874935382,-0.0818855719864199,-0.350017611016251,-0.7174789580048,-0.358088251492494,0.151600626299262,-0.137735470409585,-0.493093843697857,-0.282335990859345,-0.864935361558698,-0.370218926796179,0.214436899362265,0.496854833207846,-0.0038972405953112,0.0824197483845119
267,-0.26401050680392,0.211295628741187,-0.19389519360213,-0.512709830434443,-0.418618513073646,-0.237462344495746,0.180226452239535,-0.0166458228289667,-0.124138937847472,-0.0224125523678394,-0.218559891901038,0.0519624432610787,0.130536562659306,0.117888422134008,-0.0327084324402371,-0.492160086815427,-0.47294374068656,-0.791244813919547,-0.862628360670048
268,-0.0085827061735058,-0.237506126167597,0.29360520463775,-0.354618230155632,-1.11946690591725,-0.900358227062552,-0.132905248933469,0.110397063111874,0.308287781887654,0.734624262630715,-0.394613251729998,-0.186403249096903,-0.349297347522385,0.176379886452524,-0.182230986542426,-0.539061389828336,-0.482365971104934,0.0347695524309877,-0.423843271370316
270,0.27168865851334,0.155070745832043,0.702765633791853,0.784566193881968,0.066276415722248,-0.097092884259233,0.309270228750147,0.590204708449324,0.786255429840689,0.20133163144978,0.13408517231114,0.211731284861562,0.259265908437481,0.865426312579694,0.903773522759905,-0.548798873352776,-0.0459223759754489,-0.119298934207426,0.142043495442226
271,0.239759190370497,-0.154997862607687,-0.780195434333626,-0.296451119220613,0.337812160000435,-0.341021924652091,-0.134741727407493,-0.368549415827256,-0.352952594137465,-0.480844440981734,0.330238637444989,-0.609389935302807,-0.617214528879426,-0.371946338601882,-0.387712726648963,-0.238102100585585,-0.296731971017407,-0.406419549314058,-0.54004795692199
274,-0.818301232630463,-0.232740748780283,0.119599520062781,-0.757547564156479,-0.572790823871266,-0.493906886265978,-0.437152714912156,-0.433148245518577,-0.340471437710614,-0.207698865184006,-0.411674187630755,-0.333431912790021,-0.548431370603639,-0.848061106763667,-0.473874380009989,-0.69015455094257,-0.659696531821898,-0.806938805320273,-0.565545292281774
275,0.492072204527446,0.280894484633526,-0.40376710986924,0.252497229114203,0.73737730984563,0.219525178569468,0.43222936253214,0.131821979207273,0.0741189351701733,-0.331675874426535,0.220658598153828,-0.50045051078623,0.31201779410317,-0.169416746120846,0.29607496349406,-0.0163239913881973,-0.0103842241683193,0.00121606638112364,0.480206023768672
276,0.010558423742154,0.0998687636324242,0.1936925262979,-0.323246791204732,-0.146320444146247,0.536667382397773,-0.0994463252357145,0.239767807338334,0.083640140602831,-0.126134983529048,0.420716768170371,0.224545957034018,-0.158547929901017,-0.317845673765171,-0.257150586193624,-0.246660301538361,-0.367238692942617,0.0720902526242542,-1.19098041410009
282,0.117472989129513,0.230014629785759,0.700821170338306,-0.243870761414038,-0.287041045509601,-0.241748818336354,-0.10972670794204,-0.573095744808448,-1.18505389088044,-0.511805376843507,0.0121069223724901,0.328328501956969,-0.272619146110293,-0.392132940513767,0.0108088621376526,-0.520073189237411,-0.4048572719489,-0.186100016240736,0.456722381409997
285,0.120710234970731,-0.477095188353816,0.0757167148797696,0.063379822895534,0.752686532189162,0.0384065634127515,0.130294713790702,0.133645723784535,-0.605361005709447,0.279746934244255,-0.156239001081959,0.340960763762379,-0.089912716033479,-0.389441366208697,0.350200239081393,0.145029701011012,0.33536017833716,0.0493286627924509,-0.434758296800735
286,0.433316405982435,0.159647841328187,-0.324887664116667,0.237584914826651,0.174043080166484,0.733589161063037,0.0704968072989736,0.223215062546372,-0.924482652241568,-0.66844802022964,0.228191564587901,-0.554953070713779,0.28628827518011,0.282098776406602,-0.00864679428027066,0.0434985204467487,0.2869354251446,-0.223399634109148,-1.27376755594658
289,-0.134004427593487,0.0284108801605602,0.317752730804885,-0.42616964826759,-0.344470393168657,0.0923310121177527,-0.0160134738246107,-0.422749065925752,-0.786591211363378,-0.846018549502193,-0.206310850118213,-0.276431187646805,0.149649528413113,-0.32760263292599,0.188260715095684,-0.192223125959069,0.250427034262446,-0.0545705668223327,-0.238422470605481
291,0.393052025090329,1.11582440187457,-0.35420868561402,0.837398281539287,0.463128766710733,0.234145832479763,-0.0336890365055998,0.639750470616751,-0.222668501995276,-0.168229163954047,1.13518990063933,-0.00275286407241054,0.990361247121937,0.15047320027553,-0.562039200753751,0.708479344329826,0.870229030260553,0.621079796793504,1.61122489195588
296,0.396853630545781,-0.295763290964443,-0.439044165756812,0.394760849314244,0.947998269339271,0.22055311115781,-0.100174297557149,0.489181860778531,-0.667926077863935,-0.619739878754517,-0.229000088971496,0.363106312374927,-0.377938806724894,0.0370962183600023,-0.158450093032789,0.0306154195955121,0.467996767552837,-0.025996069039367,0.459365225772863
298,0.201777276946919,0.0203724303173636,-0.178331510266643,0.19840577326783,0.360072843532626,-0.211710266306871,0.00862163594102478,0.351986717266712,-0.50231934844012,-0.852973187692788,0.0709770659750465,0.246241760497119,-0.0981344786650491,-0.463815216463657,-0.302941298696242,0.00257941380922356,0.559061942032425,-0.0957800447075774,-1.00151872266949
301,-0.0456682800581122,0.00655647341182855,0.0946433496461676,-0.338570945859903,-0.320930842754716,-0.538202071364309,0.233070435274798,-0.510140298711686,-0.247400736679206,-0.174057717523862,0.261479521338489,0.128948658657929,-0.171099924747554,-0.496482281833361,0.0385926304914981,-0.136187204359391,-0.139884209844821,-0.348018473818131,-0.542861630508353
302,-0.0147094406951861,-0.576991566383136,-0.0981013004908152,-0.176095319531065,-0.501724436806033,0.135997793053226,0.0951222026374013,-0.0945644279254789,0.545249092878483,0.420746089010397,-0.646234923107439,-0.412169344766077,-0.464519326521385,-0.266807798336361,0.233206127212098,0.0615005567140366,0.0340191434653673,-0.172935666955326,-1.34359768652923
303,-0.0604871166009331,-0.603597715688235,-0.454007145643876,-0.312542502676273,-0.0287689250650431,-0.393014497394777,0.159011467418014,0.158658952297935,-0.575023591053192,-0.310316806668881,-0.182381310237729,-0.594949766341445,-0.0617952286514874,-0.344277845696983,-0.099340872102231,-0.404669120799628,-0.22397531629092,-0.447845537222461,-0.41522044116586
304,0.140206793222973,-0.293883293185575,-1.11080666955267,-0.734542721690815,0.218636959930366,-0.627692202268105,-0.188083145083785,-0.609583366409285,-0.100590928426422,-0.340138933968053,-0.106223792695092,-0.453432955599143,-0.362031622173228,-0.89037224340299,-0.533346921765704,-0.165285800387122,0.243040590884672,-0.176989706938722,-0.596427442206858
305,0.0986941357442206,-0.481015795452392,-0.403342081710736,0.0580685444540212,-0.0341201772941414,-0.00980320311407087,0.353649415092421,-0.0152234762287555,-0.153001423007661,-0.222539508182773,-0.067689422183909,0.413422364366493,-0.232187304874777,-0.280209471786585,0.000790788925385372,0.055978590935237,-0.289740386766663,0.115795040814299,-0.584123076799283
306,-0.463423143642281,-0.465688512500907,-0.700020856292005,-0.608409591851017,-0.0689458814293677,-1.37453967381317,-0.473771502608294,-1.43160473952206,-0.856751270693313,-1.40488079712642,-0.492855410747437,-1.26260562063443,-0.837738454927121,-0.942307541666583,-0.656806439392852,-0.793099926061668,-0.396901418342841,-1.1622346050946,-1.92772112764458
307,-0.501983473492919,-0.767903592927727,-0.11326496380984,-0.436648282731456,-0.594257204221185,-0.48338139951861,0.051144080081853,-0.498411116209223,-0.51269328454354,-0.817367130204668,-0.814716422655384,-0.137856392188769,-0.389548185731103,-0.306762243329822,0.0194063485893503,-0.661735960702026,-0.460678818358311,-1.2437842501639,-1.3026577077778
310,-0.351978241303359,0.0504844177276201,0.0781494033397038,-0.610702907767003,0.65216805037094,-0.528607142919208,0.0305118436286903,-0.888836955815447,-0.686417540417445,-0.779823004580445,0.070619470457473,-0.68263946286291,-0.055133161484469,-1.21626970337701,0.0885795487652935,-0.246663655633701,-0.079379258764508,-0.195418621322048,0.149024864000677
313,0.189809072981349,-0.231551300213978,-0.36104422328125,-0.0328978531629798,0.448562424631876,0.535261871985392,0.0307377580966713,0.38611515758493,0.841826875692449,1.55557754234443,-0.315100106964474,0.604374266170097,0.519784980656392,0.308450667173232,0.0848200142290943,0.779403909108448,0.26839392325175,0.753807821032565,0.0551708162006197
315,0.0849477132955575,-0.236238687524166,1.5309880014385,0.401286071400531,-1.15830716845497,-0.383625975849433,0.00783925763532213,0.111859676754558,0.223254754369411,-0.204981820257425,-0.016521915955456,0.420862346699942,-0.40700742830894,-0.451478107900815,1.17420451610708,-0.742732598451921,-0.997400751211555,-0.764976918014049,-1.70165160127573
317,-0.282099659004903,-0.377956989322943,0.413891297262704,-0.653660117098262,0.15225270887499,-0.514787911663376,0.181996490190438,-1.22596729331654,-0.0619802335906789,-0.0758549012840949,-0.26572319638518,0.153377490286689,0.196893846711771,-1.56094004272388,0.106933713455109,-0.4233694515446,-0.497614019313066,-0.008342340745844,-1.10192547331804
325,0.0596107148228204,0.271445228762997,0.622006450277043,0.0826494936787061,-0.404596909714479,0.29081486569537,-0.0132111566884664,0.447709263881498,-0.177968186003754,-0.293677273690974,0.216659041341765,-0.367880273001458,-0.40988420587259,0.091560495192763,-0.159961565164451,0.204867562519231,-0.372043589766014,0.205320071107411,-0.780238631736565
327,0.0434802678739545,-0.173026135965116,0.0533890086420467,-0.22488045561511,-0.210727342868941,-0.16299710789718,0.15788501649394,-0.44631684766235,-0.214163213674463,-0.0934174471099279,-0.0831195502531451,0.219233949468238,-0.553502713927603,-0.716174677956824,0.0848447856292423,0.150505326243887,-0.205651682070606,0.0698552121620279,-0.0308059921292777
338,-0.00231636335013155,-0.386386480034199,-0.582882436163954,-0.498360332076848,-0.186956502604216,0.405525065120643,0.156873995967943,-0.95890411158293,-0.32196577846005,-0.715265387408112,-0.854014719603405,-0.36616852125496,0.638104750856299,-0.523940869002048,-0.210821884677658,0.157064869250645,0.085766231705051,-0.226860613157845,-0.0396168776563645
339,0.0523036918456998,-0.27060470516621,-0.268277814997073,0.0175999837858458,-0.531523098767913,-0.000712516243886988,-0.499804710799014,-0.739334857665374,-0.634256454429413,-1.14511074350349,-0.439014436010175,-0.628096850642386,0.0199476773649153,-1.32789276331612,-0.0223831443616666,0.027126303576956,0.0222440694019163,-0.16417249711376,-0.231577933091258
341,0.354992013639329,0.0852854538025099,-0.0188070318510526,0.1139665846726,0.554795236195533,-0.324416216075473,0.0837158346483985,0.128770723650992,0.602567578026258,0.54054644633557,-0.489161473864973,-0.0113858318599141,-0.0903151939565404,0.345742453079293,0.0637853057803772,-0.108030328457942,-0.0611402386033913,-0.136679260611894,-0.786267303769002
342,0.219648459889888,-0.175400128551063,0.519138144203229,0.237645092177135,-0.54952838203148,0.0595100091745339,0.141192674413152,0.0191846036085227,0.708434585908676,0.551403944345034,-0.401095524215457,0.125139902954628,0.197510000462046,-0.266390142726566,-0.140423597937549,0.0209568916961873,-0.00799472923691519,-0.21153139744248,-0.0656381034308635
345,-0.191540855198294,0.0375837452945048,0.0793777424295976,-0.101068396334784,-0.216439288941971,0.00997812808256322,-0.224555187986342,-0.489879580968453,-0.905711636913228,-0.960976296575851,0.0290758057988793,-0.377158414973412,0.105273206549409,-1.04376991589589,-0.458931479973799,0.300260181438149,0.297845094411061,0.470854494096111,1.11074220901261
347,0.0519793688803235,-0.239023502034621,-0.680209017120542,0.211541707102465,-0.024535937344176,-0.33703787087598,0.0663597856555554,0.408357930557495,0.656209424669611,0.365041281337572,-0.476391498474661,-0.678247830365527,0.498512161299241,0.572059516530889,-0.370702473829468,-0.213088371998604,-0.294100678719073,-0.362977838068495,-0.980937765495448
352,0.233304339082367,-0.674677471787649,-0.0943220793412309,0.277902531536217,-0.827383910887353,-0.152105409240597,-0.237119189578481,0.480549241716627,-0.619747689107037,-0.668096150094833,-0.496698671402978,-0.0564447161791898,0.144517852412227,0.31768716646369,-0.575440930835612,-0.230184643468745,-0.329403600526709,-0.0852055722640526,-0.672651473539311
354,0.0502402799972376,-0.439575195363024,0.044878130328635,-0.692665173960654,-0.417400280159453,0.0471345054042741,0.011151880369473,-0.0882757266499371,-0.0770118221601405,0.49916638263498,-0.40147242883902,0.129533766175699,0.560607008724389,0.911113637165082,0.214757801160166,0.143918381138306,0.0230077360231892,0.0237025696066086,0.172924792707875
355,0.096343809553482,0.734962463216144,0.312192175617796,-0.013214210394678,-0.244353736026205,0.349382633472888,0.0920036119780037,0.405060662100389,0.652810027048021,0.297955616297792,0.774029197838591,0.435066991125281,0.646224431598781,0.12179873089777,-0.178922109451837,0.641894974691133,0.603042496801724,0.707536862254267,1.0262218424706
359,0.334453678181317,-0.465269018818489,0.252980622275421,0.556907911254437,-0.315935533960619,0.741946351310809,-0.322039897398006,0.792500381234667,-0.0753573905777702,-0.105206419598077,-0.0737882038448597,-0.13955792831837,-0.452636272612967,0.609658794646292,0.149709296330791,0.494744543281245,0.395219680744763,0.0544570164723742,-0.36067793268123
362,-0.00234895199175712,0.0122721559183525,-0.252272405914492,0.0689424056240268,-0.100970593056415,-0.328157724553932,-0.214443005337353,-0.225278233060734,-0.155271479627557,-0.526359552108751,-0.122191360292561,-0.266772746641207,-0.137826111638535,-0.404747780066738,-0.28063967832921,-0.0300828529340405,0.341963230352808,0.174881885922336,-0.165238615191182
363,0.346890282907001,0.144310327331008,0.214452478074106,0.477111966947767,0.36725189122556,-0.0589357571242974,-0.0309615962029704,-0.15510079130537,-1.24531937386591,-1.10142219690655,-0.178956085732641,-0.343974013172608,0.247719110577421,0.547567903163492,0.0392439004401546,0.216814954605927,0.355720991567037,-0.221280883537513,0.0965494543292448
367,-0.044837821713487,-0.784773466924527,-0.924364102404914,0.290839797330596,-0.119814307934734,-0.513791613665524,-0.00650970445271677,-0.0862581846897476,-0.313042496663406,-0.354928289218768,-1.02803104443072,-0.284736325649329,0.0543984325362882,0.253015066270221,-1.10006857090619,-0.190236976133762,0.308084584187392,-0.34000257837073,-0.195447579181235
368,-0.338108555044531,-0.336546625138382,0.341762933915134,-0.0222448849012617,-0.657157406888052,-1.45720825079847,-0.0965559361884386,0.0639987626574164,-0.912840373085379,-0.341018529223161,-0.556723151108869,-0.119928778380357,-0.59593199656797,0.108272009657315,-0.318798817565845,-0.517828240489718,-0.459804807569549,-0.813364993377643,-1.79532275104844
369,0.116908298815198,-0.085906781864648,-0.182070111330475,0.0261140930991469,-0.489819615433425,-0.112635523558177,0.194846395726632,-0.224224551898557,-0.00431257004051243,-0.686250976298856,0.11335359126493,0.632487048529637,-0.289953566500107,-0.223351118811006,-0.425262081800754,-0.478419828825041,-0.0263039665064238,-0.20291722152724,-0.0410514664449205
370,0.490254123617958,0.264982579943107,-0.226233041716729,0.360900083051286,0.0114177360436617,-0.118370611216066,-0.262603452162013,-0.510995914948407,0.186133294627665,0.0800424453607542,0.295600194506645,-0.22535248091694,0.237137684375833,-0.808999910029385,-0.445899292549887,-0.0764656134740035,0.067890945649225,-0.130423236575585,0.477350790299573
371,0.034280051444268,-0.533083031251611,0.566210234824506,0.115665806435475,-0.152124039422464,-0.861161238607886,0.281770921431067,-0.384330763405652,0.00847226836366845,0.142106645387884,-0.744850508088614,-0.172883592263883,-0.938648822114275,-0.38169313517699,0.374600886532226,-0.526791198321064,-0.651313084097833,-0.306264219893224,-1.42710511851672
374,0.415390210217459,-0.371936124906631,-0.150942887056994,0.456099650509734,0.130641755465595,-0.484059761929407,-0.156724373552542,-0.00803296680029253,-0.344965518638425,-0.726396558144541,0.0646121680004846,0.00496630874628167,-0.496885170920189,0.598618502714075,-0.505905750643033,0.345213628317538,0.522038704912315,0.271085507250196,-0.399102344191682
375,0.0453778794588177,0.0399255683358858,-1.03400844183834,-0.211940448260848,-0.122899893840661,0.572409333971442,-0.214044026097266,-0.625080373502118,-0.0129969464833368,-0.508000224389748,0.101769024323244,-0.64494467210594,0.761109580042991,-0.649116370461184,-0.38240019926066,0.318057152829849,0.420804499555264,0.589433522928179,0.495618887313708
376,0.441903623694052,-0.329778462618942,-0.305698274653417,0.150842470857512,-0.0586953330402513,0.172618053516523,-0.547907343829523,0.169220163181107,0.081056747867131,0.415760125618371,-0.185743032320885,-0.861113525151508,0.013048812509249,0.334085538099448,-0.2687516801339,0.0226762119519096,0.210751532188739,0.058811908084232,0.00877630550812499
377,-0.17287684846286,-0.391018379680237,-0.328537465439711,0.126849945701831,-0.636201230440717,0.211347605707927,0.00772011010259429,0.686231683395327,-0.595002210964437,0.0102409643069743,-0.446815079810336,0.586497686363587,-0.0525321949024707,0.15446013166296,-0.303517400257924,-0.0265636915743098,-0.132545071877974,-0.0846333208964958,-0.478843975775614
378,0.26241577166722,-0.205814668498884,-0.210958280091619,-0.33367560106814,1.59310841209562,0.935407556954028,0.4498219118478,-0.253167692065726,0.0327799941062755,0.260578903559989,-0.909956465254289,-0.116061398037348,-0.0953648374957143,-0.532845142177957,0.249965593633037,-0.0246702093744658,0.639805769465706,-0.0450287942933304,-0.73664068268559
381,0.0434819302379444,0.157719539400163,-0.812438661025466,-0.219476951483473,0.37550135197984,0.0481455583052139,-0.422563478968925,0.0789615755778712,-0.241413228511009,-0.623550423705183,0.106010538452844,-0.169317454109857,0.458057189895108,0.0531042399366119,-0.625903919585894,-0.35284601271213,0.05885125942634,-0.238957761527635,-0.117792954871528
382,-0.333286978993884,-0.24246703500782,-0.285226739255336,-0.794119014584004,-0.094158354399368,-0.109925978253801,0.163517499662441,-0.870874848507785,-0.0140638018727129,-0.313108481477372,-0.267454680318082,-0.290074873416435,-0.6615602475912,-0.785728217229826,-0.347313119181115,-0.416408006017345,-0.298969741979343,-0.226096268266206,-0.217255246572619
383,-0.058330068396045,-0.118994212444094,0.128579314521192,0.564000211430259,-0.267044728386089,-0.164925133298601,0.171013618550852,0.290858418330305,0.53845410197412,0.211900164433389,-0.374397509737808,0.203663306884836,-0.741924929268268,0.490551839183763,0.345693950817286,-0.481520938951501,-0.671185201176343,-0.932039564316715,-1.42945037128489
387,0.0116961408218405,-0.380589653923873,-0.496434270745715,0.44115619827792,0.154592251836894,-0.559592413859476,-0.0722523565633743,0.355351992838203,-0.912460378409466,-0.688947124502358,-0.0186074355066354,-0.0879970526627707,-0.275850618749067,0.554201997665537,-0.142388827557486,-0.467372269230484,-0.109891697191499,-0.447543241326673,-0.179774260245348
388,0.376606845798459,-0.101840587163049,0.292311519429107,0.378005527620321,1.58618796325623,-0.043839502157759,0.149545205039089,0.306599481651709,1.58953384949251,1.39445965430436,-0.176248849080824,0.153536079732796,0.759542393436831,0.0609490762628284,0.546373617927786,0.347878133915825,0.504812389752376,0.783678833004189,-0.156561615846889
389,-0.114309114818726,0.270500693470404,-0.424634647257509,-0.16007679725411,0.0336493082974573,-0.281276893747283,-0.220991672837547,-0.928236707402312,-0.16827068727279,-0.951391912490309,0.157029857152596,-0.306729724113544,0.248290690349005,-0.540749832575117,-0.310660846328703,0.152200217104058,0.54499012483868,0.153763925846325,0.249705482485433
391,0.18915647694065,-0.0501706995178522,0.445700917394685,-0.076168890184933,0.421935590798725,0.91309397248915,0.0587794352969792,-0.131356564361463,0.354219987314482,0.63925629756529,0.347821127354623,0.116596518017971,-0.205660692897446,-0.0391940426751444,0.104110853137918,0.60192838873883,0.259487376654381,0.450588219749241,0.240025219845106
393,0.105671215860485,-0.290051460424288,1.37259682744142,0.202153587370188,1.007275455796,-0.0581733585654408,0.51231551946111,0.113807909347025,0.857729988022638,0.072028126278483,-0.569829433411531,0.841567177781448,0.479078089278253,-0.306463146120942,0.969660172617341,0.676883336748818,0.742792844052209,0.736578898928482,0.975837654148372
395,-0.13187461647289,0.301843036500593,-0.442627049296021,0.00243191135347269,-0.130004241787276,0.0696365872809071,-0.22452994528803,-0.408794118292706,-0.902972692943423,-1.02635854127587,0.750348551859839,-0.576274399199608,-0.529238453749514,-0.0715123270257622,-0.761160188154234,-0.467580397242861,-0.249281331043707,-1.15722577903012,-2.40368220366956
396,0.212991279173234,-0.699918665797797,0.4714438064013,0.0479449598105986,-0.774676057508823,-0.0683209372149555,0.587078089025323,-0.258389328602424,-0.290066134904351,-0.412597301405632,-1.0859697091707,0.0591222229428462,0.608376506575924,-0.21800486253853,0.69091824796205,-0.0527115091486274,-0.547199295296872,-0.0341497306231642,0.315060313571697
397,0.179366769040122,0.5951825903396,0.220918868392134,0.0636484614610338,-0.132522914956354,-0.46062348743523,-0.199074446758034,0.326641409811942,-0.461218724044021,0.0400950676945096,0.965745643570029,-0.210562064404253,-0.985769443056217,0.0887080498815639,-0.225992883960916,0.212315877354437,0.0286838200400497,0.283214119862473,0.188099100161928
399,0.194202980884992,-1.14233269791491,0.36351966658505,0.165937419576703,-0.000999983653437538,0.29861863489065,-0.571436345599509,-0.194251310088647,-0.542113453594817,-1.04752279617785,-1.13200381989645,0.0629878976905901,0.221910041015991,-0.776315934417388,-0.295069846897095,0.435439513419196,0.137605461197721,0.154758010445908,0.122080919181303
400,-0.247914418406682,-0.502680849630031,-0.274045642374191,-0.238491468578659,-0.693138992561033,-0.673742826774311,-0.0359462716309236,-0.340292371077976,-0.643936931840878,-0.611716959557522,-0.0875904103332723,0.453056682353728,0.0908900608552237,-0.65190002043467,-0.590444024997095,-0.363976544628775,-0.423575711474002,0.419476991873362,0.668643580337551
401,-0.578215521770004,0.023130217247756,-0.0655250135959536,0.1094041766689,0.137420688547853,0.0899186696823022,-0.303452771593812,0.116332616478781,-0.274255123048888,0.163934547582947,-0.40085727374415,-0.344252052696125,0.189578987984701,0.392606312410052,0.274524030958142,0.0264489933084572,-0.0707728609094343,-0.311498620917746,-1.46671269207714
404,0.16261107168888,-0.305373375254777,0.0221901936830667,-0.0907712295048139,0.0494507198845916,0.177185198052243,0.363527295779983,-0.661193718860652,0.37305345581438,-0.252204622072549,-0.284843644214198,-0.55044371293383,-0.277823868246511,-0.691592547755736,0.0917239236859504,-0.100324530176144,0.088409244923041,-0.154498659701856,0.159698083046017
405,-0.459032646982155,-0.437071175106938,-0.639346963984542,0.0910971101244879,-0.65419071134419,-0.704365899019857,-0.21614816010152,-0.217258000266313,-0.907670465030545,-0.246941434700658,-0.0254098382513358,-0.396891898797755,-0.555941793394865,-0.317091639272129,-0.485257058294121,-0.782531735439251,-0.76592881956401,-1.38880458032595,-1.1842788100517
406,0.330128290296755,-0.659071328864235,0.354038507352616,0.678441545745562,0.287753523611049,0.927486088642372,0.0133613289808962,0.549917856557823,-0.117144118775741,-0.287746183940546,-0.643929239979933,-0.215682536650212,-0.52247928730257,0.219547793688891,0.0178689864990999,0.510682251820433,0.195560363726633,0.549636386667752,0.729278516668408
407,-0.395722478774271,-0.378921479381452,0.160199588078685,0.00118259836644732,-0.102008085985692,0.247176599650344,0.148157790723137,0.490703785916081,0.70672620719454,0.285283797481038,-0.67040668160207,0.38747083721869,0.271371459699349,0.256288503251074,0.197933928292013,-0.0981081540513176,0.0170508336924672,-0.167436823320671,0.0385073649699293
408,-0.500725443793571,0.0289628666130492,0.330367505333086,-0.642176072474233,-0.587759276560018,-0.444660566973884,0.0551457065600313,0.1004877597593,0.0178322846712083,0.270523339861059,-0.224624587578524,-0.0632233981421483,-0.523733327687709,-0.172225505687205,0.193660442757029,-0.36563384975693,-0.703984080446314,-0.334527661777727,-0.931125668102493
410,0.155714128897336,0.0634618409649922,-0.584871411408627,-0.079170152441722,-0.115742224896272,0.390478184529299,-0.257042070453123,-0.24736985180368,0.236503764505284,0.237531531881302,0.616659488125725,-0.35474705268127,-0.147337938722491,-0.578524960091187,-0.239275509592181,0.0366320470179087,-0.068661490122774,-0.301720110687568,-0.907906802949037
413,-0.516650453650205,-0.21900413663667,-0.11523307005801,-0.734069086412274,-0.0085409869045688,-0.376161091778184,-0.239736953116475,-0.373249998811064,-0.103574973035727,-0.19491417877106,-0.244906601989774,0.152749948192361,-0.711470446108059,-0.628107561771514,-0.0698121306551505,-0.238727237764446,-0.3004135684809,-0.179183723834829,-0.81939050332293
415,0.0490638858942195,0.0517117377709562,-0.19200841798336,0.406445484324066,0.429193820298083,0.344255584978945,0.149018942239318,0.349143020181223,-0.824471438221088,-0.614696196536226,0.0314504252982385,0.0396722193795461,-0.3215318439991,0.511208951390176,0.0844771332235343,0.0692906113986692,0.0075810127329789,0.375497749869976,-0.0899960710396315
420,-0.175669635463807,-0.0781479126145584,-1.08962952620702,-0.0360383724393232,-0.197575222332427,-0.373899189488634,-0.510343728753644,-0.157438776087299,-0.570101162479337,-0.364024487842701,-0.120555410276304,-0.336793327645671,0.445143698643503,-0.868495300307393,-0.750625644619225,-0.0479561545574074,-0.126840007819977,0.0869709578894051,-0.173162859919457
427,0.33895163676578,-0.559737457659083,-0.118532567501227,-0.361199356017533,0.267065394608771,0.0323355795934145,-0.138591191873818,-0.120550367804976,-0.451388676937913,-0.155179836280183,-0.880881592294027,-0.00770452839339908,0.545197146289714,-0.684038056295361,0.115764683254426,0.2327734918582,0.516789804303644,-0.128057610626993,-1.34922346788139
434,-0.381207703589235,-0.443860645935421,0.15199474630738,-0.58301649148733,-0.0733210372416431,-0.586880457926908,-0.10566748955881,-0.606593986534707,0.79884101068906,0.382630995289815,-0.115387061274219,0.187981097488066,-0.170234090940887,-0.648172035537676,0.149365643360659,0.0624301359552619,0.297858371550229,0.321970002928302,1.00342821191139
435,-0.405339237315758,-0.000841685131175729,-0.1065453092484,-0.0844003501006849,-0.419050841085173,-0.808443007991755,-0.248629768960865,-0.51919515533483,-0.12648600263911,-0.655690087576862,-0.153104961101038,-0.594728716700762,0.258744692015927,-1.16558633892301,0.0588849139503966,-0.398019286838763,-0.218912539965799,-0.24813931389021,1.39694250635496
436,-0.225647749850279,-0.546996554756061,0.396224796811969,-0.666404004512402,-0.812731905816709,-1.5432339091038,0.418028945047486,-0.482568806863812,0.490458969291447,0.391219740335872,-0.511079605349404,0.315858135265095,-0.672592532039554,-0.303489607974495,0.0227281594514126,-0.458799403140924,-0.703338503296257,0.0689551227411583,-0.39003830112666
437,-0.0135732912563788,-0.299437719976836,-0.793623728535772,-0.743011230742299,-1.37421782705874,-0.0859030896140456,-0.272258622747702,-0.252718134149887,-0.522310714669891,-0.195272394617573,-0.241826853669606,-0.202449956661732,-0.280976263662869,0.045198483149266,-0.288817232837957,-0.330306847557342,-0.409771867817385,-0.635784917457135,-1.10500283059156
438,-0.0944482121739417,-0.0135072998127894,0.425939595388525,-0.133773445546741,-0.370039957525343,0.256257771913138,0.237468008740318,-0.689386883835053,-0.56862720488343,-0.962048975093619,0.030319095602116,-0.326640752996866,0.268999098513194,-0.851564092418628,0.0949935830354425,-0.0812674209297412,-0.332594854597267,-0.961817749350497,-1.8166483633459
440,0.561030555181653,-0.0417488469023284,0.713926901674262,0.0592387558339267,0.262151270901244,1.33631201221829,0.437720127518092,0.0445038149556698,-0.0280752398922649,-0.181688117569933,-0.147176461586514,-0.179449565580823,0.419300716056406,-0.428703836435303,0.209931714914658,0.6006627920916,0.284484950298997,0.311581606290394,-0.358170282144843
441,0.0110263191649424,0.269403846599394,0.357869180417937,0.151636986539315,-0.131393219888128,0.162668476956291,0.221043915729122,-0.0670360997974735,-0.121002899950997,-0.56816350205764,0.470044620828131,-0.761804793160873,-0.0460332185578716,0.254853952829583,0.541681019250849,0.390837086816819,0.0649543016387577,0.291471364873997,-0.866045324853335
443,-0.349610044112555,-0.387866591011614,0.188735493750729,-0.373779254142419,-1.0971429616434,-1.10067381398839,0.531800797536885,-0.470691582645658,-0.264179722853742,-0.665185605334829,-0.46864477036636,0.0424306839758984,-0.56949672451708,-0.52545396763876,0.365732551078623,-0.698259547762279,-0.88122144731777,-0.911294478891578,-2.90177380382571
445,0.0743112526617901,-0.320234035941619,-0.20234913487376,0.0227055189647055,0.122469762062114,-0.320866904958061,-0.422870909842328,-0.832744010798936,-1.21040221250043,-1.31643414503022,-0.334610615474598,-0.962635603091837,-0.39605212752075,-0.809478443340912,-0.257618606140614,-0.160921156538575,-0.199642981152335,0.149479776056044,0.707464697978014
447,-0.111939527443364,0.153088116746836,-0.67293655189016,-0.502917047393909,0.14893763835576,-0.113892720500836,-0.188662654878883,-0.158495734541192,-0.456455783756458,-0.787405349939422,0.554103119992286,-0.136974101569144,-0.172907868344973,-0.308256242402325,-0.705595812964577,-0.0716696068384136,-0.122263825129535,-0.305736385196987,-0.240644019749057
449,-0.209000849537597,0.594753072835673,0.0439289529354228,0.42517887677993,-0.297383583710418,-0.0984624743801052,0.30853020584666,0.0318828955724985,-1.19104067411669,-0.717140680327164,0.0384114069631256,0.21351004231563,-0.773569345564078,-0.266821358326581,-0.294511714279707,0.0160040314542341,-0.310814534350358,0.0217150042785209,0.118508692150876
453,0.0542368811730084,0.356063408791847,0.00299223661235069,-0.511581812769944,0.0730532266718922,0.138334250724896,-0.493172762465542,-0.455128031417963,0.486757780134884,0.00985790537511429,0.21124383607736,-0.705000177691172,-0.0670209776419509,-0.530562778676786,-0.177376841448237,-0.328737126973297,0.200212811683849,-0.278080192580335,-0.94610117346607
456,-0.279825720965113,0.261152240474971,0.296933676349281,-0.609497033719534,-0.18891142933831,-0.563661111420525,0.0502377960697701,-0.942245258753894,0.108396255521956,-0.209658906164242,0.135623901025746,0.225698838729293,0.366265031976657,-1.30440904367956,0.265916002479058,-0.228126221224543,-0.0667490081600221,-0.442927431250539,-1.45412362120848
457,-0.383106861753349,0.209238304880905,-0.521047755807735,-0.412605864107039,0.160287739964747,-0.26552753241282,-0.329393407513023,-0.854525030825604,-0.785473850571099,-0.663046574242475,0.0822248347614778,-0.4435989785261,0.0470000706864433,-0.547687062694816,-0.603435804849244,-0.35608252543822,-0.392611752444063,-0.504333928844387,-0.310843282158206
458,0.216585474494908,0.0592271833768563,-1.13174522067973,-0.0156685974882358,0.295443469229995,-0.0248179577312115,-0.337153390984429,-0.729182643447392,-0.0559206285203737,0.000209941708878082,-0.136677814030447,-0.905856201254614,-0.234664467918359,-0.529836485818293,-0.761156172793302,0.137901317805902,0.0775354169884965,0.194532915356964,-0.423208468913911
460,0.226734160185724,0.00394554457536928,0.251892788927507,-0.0194110866021177,-0.0375162136322336,-0.108986462328534,-0.0934817454670145,-0.0438100364049658,0.154591448945955,0.110872147953285,0.162969175381119,-0.452043878551511,0.445142885122237,-0.409490511638178,0.00320638804289055,0.160540535664124,-0.0457505607471218,0.359479831337068,0.643410577756588
462,0.372040958752336,-0.0212692269530054,-0.293244078724948,0.456310977867895,0.664366315090832,0.52692695586862,0.429000473848364,0.673822335160453,0.200420320293475,0.0455994328026439,0.228903013437709,0.245629298119378,0.0880478253115476,0.268841098211436,0.229747822939038,0.406921806116869,-0.029540637624932,0.475727453864765,-0.17842640208793
467,-0.32077467879925,-0.31966113993537,0.718913458070301,0.147611488629641,0.546496900470896,-0.342259630254433,-0.0207654255107878,-0.326708409335016,0.140573683327053,0.545380231152265,-0.432680702117274,0.269791778481869,-0.42825893587533,-0.320695574473013,0.567696432780025,-0.405426678647935,0.0464595513174846,-0.336264059061706,-0.92161818735492
471,0.338421941669239,0.30470300421949,0.265963993746051,0.224535941594523,-0.00983721403348068,-0.411396177571908,0.0885296495851748,0.0648554554587043,-0.503340483837427,-1.24407506519318,0.481818652759297,-0.409890074273096,-0.670872099901944,-0.386423740259197,-0.155327692051297,-0.292053120606604,0.127523332453729,-0.308993473195966,-1.43636234556032
472,-0.266603593530258,0.20097476452539,0.138231297101259,0.209478230947403,0.219940441394943,0.1517591388886,-0.122377077412346,-0.33122304554625,0.161286142460769,-0.570335509981101,0.291132201688626,-0.0416656079123341,0.0219695338575864,0.192445178685657,-0.224645702988589,-0.117742337836914,-0.0611293558293677,-0.249038807071194,-0.612066405624263
474,-0.42018468578294,0.272823093966266,0.60434597252369,-0.535017209831338,-0.871928129113792,-1.09041947743371,-0.273949229995033,-0.253969684742072,-1.34478523259341,-1.55108783945877,0.042755433218946,-0.144116331067665,-0.690349600992786,-0.10943974659676,-0.0320573290278318,-0.656384544080439,-0.522163285499658,-0.806047178092176,-0.460570010942591
475,0.37915642700423,-0.328119250894166,0.64040322420301,-0.038724088674195,-0.150123590921022,0.284566173764923,0.384898426679664,0.0601053041488046,0.933573945668295,0.717524296303125,-0.517176409842774,0.346236010108228,0.141643663146555,-0.0115295822461455,0.860590975343542,0.569173870356555,0.0456568665664251,0.91315104102087,0.622804968808073
476,0.535567145136917,-0.22580920601647,0.350593226712621,-0.47877456414767,0.199637309778551,0.933446618747391,0.242709101403077,-0.376224267339396,-0.570854379968002,-1.12917249530037,0.147824876211651,-0.0564559814781276,-0.106672805504613,-0.355817043096365,0.126940784664593,0.450321359240116,0.574695009072306,0.39771666474615,1.06886098303099
481,0.00262946177036678,0.018237303234415,-0.91667252463075,0.144666561840153,0.424118899409667,-0.361499111481879,-0.164916744965437,0.372724390151348,-1.01716964712046,-0.998103314611843,0.698615101954087,-0.00234822727911776,-0.446065645863809,-0.196799584220593,-0.779776345132547,-0.356760299772166,0.146842570600886,-0.82823951386355,-0.916268441314719
485,-0.0524988437213029,-0.161379227679932,0.00485967025948626,-0.107425426415663,-0.94945927624811,-0.587283091303848,0.34308400597013,-0.619761899246848,-0.246416813645206,-0.336720284956137,0.0146253028019262,-0.419404272506293,0.243737343035472,-0.825084853950525,0.162260354644714,-0.370474205588749,-0.287936660903374,-0.413919412713287,-0.255746442836735
486,-0.417214690950086,-0.705905877709507,0.380934770884336,0.0954269887444666,-1.29121029246368,-0.157335331326376,-0.153278044163691,-0.207057734862254,-0.52464285897209,-0.996227186567827,-0.598488806011837,-0.428774870316096,0.0512548215095967,0.111276466643642,-0.0401868798431261,-0.414148810762973,-0.963831263562166,-0.62006305838871,0.483904614803146
487,0.21659903719779,0.454895548974232,0.562466450816422,-0.21218146655888,0.455907675669,0.453704634385874,-4.38958717384711e-05,-0.403542765525419,0.792491800771314,0.749317073095009,0.265286967330695,0.321203095934161,-0.21419494751974,-0.331942050740903,0.473251557818294,0.623235905340398,0.530083133763552,0.657277937305947,1.13101514585546
488,0.187107832882503,-0.108760977417561,-0.980989138511294,-0.101914214335547,-0.211610582483813,0.0399972812808129,-0.318433191559295,0.12265042849007,-0.149422307982923,-0.406556086956996,-0.28190852019985,-0.389641870553899,0.137517569299451,0.0986107026512829,-0.495841093901516,0.280194223155602,0.195916769615689,-0.19579243147459,-0.915310928511274
495,-0.0533194387992715,-0.0694252536091329,-0.173632597301621,-0.468540233116081,-0.278423557831952,-0.410313939228001,0.103136809588535,-0.586933140949785,-0.571042970133088,-0.335044824568164,-0.555208633714968,0.0398486198945704,-0.15821666968076,0.0131997186550459,-0.277264670986792,0.058726376888737,0.00882816625233356,0.260150095883517,0.6677548488504
500,-0.0894596422077187,0.417271697022605,-0.279765254952984,0.109025673528831,-0.124132448172396,-0.20078964427329,0.0627358308693464,-0.0323758043010646,0.561002302342632,1.40333629160553,0.2606597527329,0.505922601042617,-0.273463377758846,-0.124691687894549,0.186440160782325,-0.134373445080553,-0.280667968192778,-0.132592785047157,-0.791624797982549
